1.0000000000000001e-05	9.7346783934083414e-01	6.0162008995669888e-03	7.3485043055588105e-03	4.5404344799286515e-05	6.8167276536977711e-03	4.2128490873249865e-05	5.1455782981200249e-05	3.1793031803042265e-07	6.0844033570048583e-03	3.7602533932049104e-05	4.5930252951268637e-05	2.8378905650562699e-07	4.2614293809915791e-05	2.6336231879340739e-07	3.2167477034387228e-07	1.9875272423334002e-09
3.0000000000000004e-05	9.3446037499429813e-01	1.0149749499572739e-02	2.4990517810391192e-02	2.7034268117821238e-04	1.7985482326138214e-02	1.9534627518502445e-04	4.8062959309774246e-04	5.1992644100938637e-06	1.0834848368089433e-02	1.1767899277442808e-04	2.8978984086329722e-04	3.1347435263774209e-06	2.0898993186557719e-04	2.2698168284045513e-06	5.5854433670012581e-06	6.0418414867095172e-08
5.0000000000000002e-05	9.2678458031602917e-01	3.1942164738809047e-03	4.5046485361957843e-02	1.5089081161301517e-04	1.9296379718006643e-02	6.6494521212347158e-05	9.3397952838303636e-04	3.1282755583421274e-06	4.2108860502513053e-03	1.4511765208493084e-05	2.0475830075865532e-04	6.8573550403514117e-07	8.8403679525262516e-05	3.0465057710458548e-07	4.2804752461076606e-06	1.4336288313604052e-08
7.0000000000000007e-05	9.3146192467025668e-01	6.3236145822248189e-04	5.8004316268809981e-02	4.2927115085777026e-05	9.0489879613065045e-03	6.1418644834873002e-06	5.5446290432658544e-04	4.1022567500541976e-07	2.3160558344060739e-04	1.5619797703961653e-07	1.4403894091392236e-05	1.0620182675898462e-08	2.1572031022064565e-06	1.4205086555474759e-09	1.3251702609935531e-07	9.5503561697275543e-11
9.0000000000000006e-05	9.2699597793416277e-01	8.0961223182986659e-03	5.6175075353536802e-02	4.9228637855079388e-04	3.3986719008164356e-04	2.9554185682887384e-06	1.8330591311286206e-05	1.6023904355838387e-07	7.3623679421511590e-03	6.4278133677362403e-05	4.4608672367813440e-04	3.9079022923813602e-06	2.4285657039420837e-06	2.1075022828383481e-08	1.3307240723892201e-07	1.1615122172021489e-09
1.1000000000000000e-04	9.3388384731097429e-01	8.9053901143147565e-03	4.1432001735188614e-02	3.8247537040040128e-04	4.2036082311008903e-03	4.0132049615500816e-05	1.8816487044588315e-04	1.7369001875766179e-06	1.0349897590051716e-02	9.8658117145931034e-05	4.5914753134457525e-04	4.2365831497455906e-06	4.8074007676634394e-05	4.5883538534386476e-07	2.1509063794943703e-06	1.9846637762944909e-08
1.3000000000000002e-04	9.5795959291148081e-01	1.1984202936037754e-03	2.1196652308776633e-02	2.3887434450792443e-05	1.6388744314088696e-02	2.0468484675686576e-05	3.4670262781387879e-04	3.8949872391067960e-07	2.7504653736243959e-03	3.4363598846639709e-06	6.0911438325047293e-05	6.8265597440536348e-08	4.9159719277869323e-05	6.1373626248413029e-08	1.0384349257233607e-06	1.1611233980826634e-09
1.5000000000000001e-04	9.7014645525624221e-01	2.4664697422357353e-03	4.7753749697103092e-03	1.1136478162295417e-05	2.1457741625472548e-02	5.4650188519731910e-05	9.0427185215074878e-05	2.0843755897583104e-07	9.7003945508808897e-04	2.4563792331615053e-06	4.7460104093751237e-06	1.1083201854221074e-08	2.0146618694969785e-05	5.0861767893538316e-08	8.5511796254250286e-08	1.9669090450184407e-10
1.7000000000000001e-04	9.6751573565577076e-01	1.0208414217367840e-02	2.4925095389235894e-04	4.3602694425960523e-06	1.2600030727775153e-02	1.3287870572425820e-04	6.1573480448364625e-06	9.1466586181811706e-08	9.0692497212115954e-03	9.5611076966676254e-05	2.3702913364074799e-06	4.1290652096588613e-08	1.1454523709768461e-04	1.2066110620395856e-06	5.5602073577518119e-08	8.2499518633501523e-10
1.9000000000000001e-04	9.7146758099756592e-01	7.1163006978254405e-03	9.8219840712661863e-03	7.5527171112885075e-05	1.5548011946149203e-03	1.1314731003466980e-05	1.4657280106833990e-05	1.1282470040300236e-07	9.7521463483267144e-03	7.1353506876613984e-05	9.8855783246477172e-05	7.5956968795816848e-07	1.4367107333747304e-05	1.0439965070080087e-07	1.3329066005525242e-07	1.0260213963343985e-09
2.1000000000000001e-04	9.6663164255614831e-01	1.1988750472584681e-04	2.9493800339724395e-02	2.1132080734452423e-06	2.1466600597515300e-03	2.7504568032070104e-07	8.1360216001735385e-05	5.4191084232734373e-09	1.4749542968292199e-03	1.8530485142891440e-07	4.5164497263006857e-05	3.7453791351016598e-09	3.8019672574814759e-06	4.8448513970597018e-10	1.4534370211282848e-07	1.1018474876623706e-11
2.3000000000000001e-04	9.3086819335371174e-01	4.5667169817698583e-03	4.8442141414240469e-02	2.5976177441002375e-04	1.2927052339094790e-02	6.3393897338217628e-05	7.1933773738146580e-04	3.8613168128075352e-06	2.0067010517564087e-03	9.7983028651293923e-06	1.0422199217118746e-04	5.5570716972190542e-07	2.6650858153467030e-05	1.2996626708313171e-07	1.4754382707170483e-06	7.8685873010460840e-09
2.5000000000000001e-04	9.0095344837411639e-01	9.7326530811356338e-03	5.7248777141064966e-02	6.1866273936797848e-04	1.9577489142356849e-02	2.1149445491929061e-04	1.2491068974917873e-03	1.3475743393342546e-05	9.4659750897435925e-03	1.0208155172349675e-04	6.0130466176155732e-04	6.4855282805328863e-06	2.0372823935307902e-04	2.1966687703537443e-06	1.2980935072591508e-05	1.3975144836281857e-07
2.7000000000000000e-04	9.1856772382783225e-01	4.0864599494258901e-03	5.3597573279555964e-02	2.1739434958222383e-04	1.4103782959223857e-02	6.2742996652424276e-05	7.7712850930376017e-04	3.1471090783238571e-06	7.9536460925964982e-03	3.5270661844265122e-05	4.6423995667636744e-04	1.8748062442513704e-06	1.2174964312515448e-04	5.4001136563717879e-07	6.6988286002365370e-06	2.7018892436527009e-08
2.9000000000000000e-04	9.5809210177061632e-01	2.3819465954091155e-04	3.7913936765064951e-02	1.2999074607489219e-05	3.0759064080412464e-03	7.5034740065248042e-07	1.0217137653867206e-04	3.3294853716854919e-08	5.4024182444687059e-04	1.4784629482999448e-07	2.1452400591207650e-05	7.2744185525270084e-09	1.9922414200353053e-06	4.6811072782754856e-10	6.4229696711547734e-08	1.8357690799021665e-11
3.1000000000000000e-04	9.7073417914989779e-01	7.4918575626000405e-03	1.7140694766726330e-02	1.2048946873105624e-04	8.4906813537454395e-04	6.6322296979041588e-06	1.8140016378406388e-05	1.3090643410699800e-07	3.5449969506731465e-03	2.7221945941178380e-05	6.2377516218761479e-05	4.3675506586537078e-07	3.6658149369597697e-06	2.8614030847382828e-08	7.9593602030898799e-08	5.7369133231916509e-10
3.3000000000000005e-04	9.6540554344553353e-01	9.8125313177304385e-03	2.6907976417909138e-03	1.8133220494321614e-05	1.0849641014890986e-02	1.1035679559375708e-04	2.2261832486129707e-05	1.3379622623177915e-07	1.0823239602691133e-02	1.0970161244256998e-04	2.9993814542611053e-05	2.0116258173094743e-07	1.2592898335327791e-04	1.2772430221090526e-06	2.5697720262874660e-07	1.5394176388944573e-09
3.5000000000000005e-04	9.6928729892013488e-01	2.0019612411716382e-03	1.0969058633351154e-03	4.3124448381208460e-06	2.0627411465765855e-02	4.2449012567634799e-05	3.7415121572496943e-05	1.1923733959134201e-07	6.7301203494310735e-03	1.3789202272611585e-05	7.6790096191898073e-06	3.0666490514240984e-08	1.4992458076140195e-04	3.0616278970931936e-07	2.7583184701801955e-07	8.9006303498847686e-10
3.7000000000000005e-04	9.6770369060774331e-01	1.5360944325369858e-03	1.3002629967177385e-02	2.9499030063772333e-05	1.7378853544757947e-02	2.7677316262224731e-05	2.5630937692641600e-04	5.6456744375145419e-07	6.1559180593145078e-05	1.1361657756374993e-07	8.4045697962877696e-07	2.4668601300010897e-09	2.1288357433195080e-06	3.2157011297963248e-09	3.3308296165362051e-08	7.6337707548844928e-11
3.9000000000000005e-04	9.4709371875094073e-01	9.1522346701419267e-03	3.2538110211315106e-02	3.4705465440158995e-04	5.4222662595748367e-03	5.2265200876609172e-05	1.6822979961786787e-04	1.7709709472047948e-06	4.9777582461711370e-03	4.7828986775284832e-05	1.7104456622894966e-04	1.8114447911197585e-06	2.4905133598510807e-05	2.3792215380443556e-07	7.5530669474177283e-07	7.8757713956970201e-09
4.1000000000000005e-04	9.3031008391191883e-01	7.5867773134065970e-03	5.0306274017614755e-02	3.9732757072119621e-04	6.4695121775436783e-05	5.5441325707645844e-07	1.3028272713802322e-05	1.0095125171160972e-07	1.0651735255821047e-02	8.6465641968384505e-05	5.7655125816440307e-04	4.5297840465473825e-06	1.6299780206922186e-06	1.3698063322810744e-08	2.3102042747022002e-07	1.7908280787164883e-09
4.3000000000000004e-04	9.2841421779759814e-01	4.1475391295057204e-04	5.7939358765737560e-02	1.4865657925635077e-05	7.4739873346931279e-03	3.3266252978120575e-06	5.2753487468388952e-04	1.2945393382298694e-07	4.8580902846015695e-03	2.1269666173718098e-06	3.0388791625187583e-04	7.4344466085530730e-08	4.4501541061658028e-05	1.9332401644207638e-08	3.1244665293685025e-06	7.2524905732492499e-10
4.5000000000000004e-04	9.2597758194266089e-01	3.5750231905378998e-03	5.0890959350632162e-02	2.1258079492668093e-04	1.8219435328422434e-02	7.0802587551995722e-05	9.8124533945577290e-04	4.0928652493694485e-06	6.4042323903049030e-05	2.1918838987810794e-07	3.4230764613775420e-06	1.2812606742328409e-08	5.4898457472801201e-07	1.4780632153426340e-09	3.0646724763958194e-08	8.9837404938277274e-11
4.7000000000000004e-04	9.3030868905681929e-01	1.0021809757233210e-02	3.3195329022756292e-02	3.2070512420174905e-04	1.8491460803037700e-02	1.9966625856833884e-04	5.7068115687124242e-04	5.4495743808361267e-06	6.4604281509129322e-03	6.9107133732127342e-05	2.2966566460615864e-04	2.2030939188294666e-06	1.1979562477255521e-04	1.2828027295378124e-06	3.6917893628056216e-06	3.4986095464762697e-08
4.9000000000000009e-04	9.6172534358280737e-01	5.3777443866744410e-03	1.3688409639770189e-02	5.5936550966623888e-05	8.0108509440294570e-03	4.4808107438344227e-05	8.2704263328613959e-05	3.5515842495424086e-07	1.0717828066801943e-02	5.9433314655600632e-05	1.5187866286326592e-04	6.1215112891079579e-07	8.2780164693080507e-05	4.5931660322798392e-07	8.5205628420989211e-07	3.6335293593786219e-09
5.1000000000000004e-04	9.9504584012753516e-01	2.3629458987161087e-05	1.2753145274617343e-03	2.1760233462889613e-06	1.0885403943915628e-04	2.0119666165391816e-09	4.2639559035675095e-06	3.3846948120364770e-10	3.5351920736951207e-03	9.4150389049202649e-08	4.4470567402606790e-06	7.2351895284308511e-09	1.6457405052510989e-07	2.0952408764733159e-13	1.4424021718401350e-08	2.5950039360516314e-12
5.3000000000000009e-04	9.8507511985677687e-01	6.3535044894772802e-03	2.5674958491368688e-03	2.9075852801261651e-05	5.3389423144129785e-03	3.4456305188594072e-05	2.7240026493704999e-05	2.9622491739923758e-07	5.6623281150807586e-04	3.5148837872537729e-06	1.4769344493840840e-06	1.5300861429226837e-08	2.6026296678991361e-06	1.6760043789669268e-08	9.6561006293283830e-09	1.0437687193104002e-10
5.5000000000000003e-04	9.4826867282510741e-01	9.8379636597664688e-03	1.6270062222750934e-02	1.9597274773772838e-04	1.6517117923388242e-02	1.7096702072020729e-04	3.5212796098124742e-04	4.1415435375544804e-06	8.0182237182732582e-03	8.2506951528778350e-05	1.3782332864216887e-04	1.6440683349686508e-06	1.3840272004780703e-04	1.4200832451395551e-06	2.9192162152912459e-06	3.4009723014074266e-08
5.7000000000000009e-04	9.3097335842786566e-01	2.7560859213352378e-03	3.5837769232019534e-02	9.0968307738208790e-05	1.9298880569864646e-02	5.6790923704921434e-05	7.8478230808818705e-04	1.9664923166386885e-06	9.5907628823800623e-03	2.7978768387941798e-05	3.7014210978574924e-04	9.2663999477637036e-07	2.0084202387695270e-04	5.8227320530243525e-07	8.1429920890728578e-06	2.0127347068266958e-08
5.9000000000000003e-04	9.3364534816680633e-01	8.0931709063777500e-04	5.2582618669771007e-02	7.2510253289403850e-05	1.0255895045999492e-02	8.9634487462688856e-06	5.1694294308676965e-04	6.8903796835262889e-07	1.9691140118376200e-03	1.8135128318403744e-06	1.1157320169752915e-04	1.6318970180757921e-07	2.3828451599562070e-05	2.1445167487465017e-08	1.1998918425162704e-06	1.6390159646958177e-09
6.1000000000000008e-04	9.3180673139994907e-01	8.1815478604346046e-03	5.7131925529811924e-02	5.2240982546269043e-04	8.1818824415640676e-04	7.0769228387260250e-06	2.3177160425842378e-05	2.0418223898697792e-07	1.4088246280129571e-03	1.2031188085219956e-05	8.5899391983416549e-05	7.6364663844525745e-07	1.1595694573420727e-06	9.4045028541021822e-09	5.0596809857512361e-08	4.4919192063097508e-10
6.3000000000000003e-04	9.3114526178169887e-01	8.3288928663261420e-03	4.7320760079397575e-02	3.6368240420537061e-04	2.9222471940651513e-03	2.6338942053871954e-05	1.8641858679650599e-04	1.4025108448131413e-06	9.1221200980476334e-03	8.0715766818606255e-05	4.6264523853819703e-04	3.5122875322822834e-06	3.3599767665231290e-05	2.9944891930949165e-07	2.0874854229326118e-06	1.5541668779018453e-08
6.5000000000000008e-04	9.4647708822913257e-01	9.0502760972758372e-04	2.8815115201657009e-02	1.7088207472745221e-05	1.4362593798372779e-02	1.3555261772179025e-05	3.9834499963869584e-04	2.2722038773711255e-07	8.5941747198350002e-03	7.9395544839900370e-06	2.6145169284478854e-04	1.4150855487422834e-07	1.4319719373638511e-04	1.3031139075100492e-07	3.9224505397008609e-06	2.0404545790558214e-09
6.7000000000000002e-04	9.6492493742234520e-01	2.7661565023937751e-03	1.0280789778716579e-02	2.6157716009640935e-05	2.0843743295692902e-02	6.0213229751234755e-05	1.4924150599600669e-04	3.4772812265584440e-07	9.0965936033650027e-04	2.7648465677743925e-06	9.7730495917925368e-06	2.4226012414920597e-08	2.5936617830690614e-05	7.8058253089583834e-08	1.7627923995745450e-07	3.8314219400767649e-10
6.9000000000000008e-04	9.7283214335932933e-01	1.0117614409013646e-02	4.4564236738431324e-04	2.4699226992374193e-07	1.3662510124663263e-02	1.4187252400973925e-04	6.7678572112585525e-06	1.0087550739590489e-07	2.7327391887652826e-03	2.7792524359456135e-05	1.2229160337115087e-06	9.0311496221423890e-10	3.1015805633449120e-05	3.1212154896055180e-07	1.7822784913125979e-08	2.0837260267108849e-10
7.1000000000000002e-04	9.7634278522119278e-01	6.4943552890756899e-03	4.1626036729851840e-03	4.1731199881267154e-05	2.3690561644317274e-03	1.5518172331430314e-05	1.6469458685676692e-05	1.3985211786623857e-07	1.0424385727780495e-02	6.8311189813725966e-05	4.5017605801723991e-05	4.4482833785758936e-07	1.8931835548355865e-05	1.2199937950251694e-07	1.2673658090148487e-07	1.0460588850959671e-09
7.3000000000000007e-04	9.7094308328370638e-01	4.9056571145938018e-05	2.0122577983383794e-02	1.6661710067613866e-06	1.2924281518246013e-03	7.9065912445538867e-08	5.8717515510874542e-05	5.4851318701790824e-09	7.3634623164147185e-03	2.7853458532649261e-07	1.5368482537649194e-04	2.1969937768689253e-08	1.4317370749544875e-05	5.9341591128937190e-10	6.2007631734931772e-07	8.5582367796442897e-11
7.5000000000000002e-04	9.4279416194568544e-01	4.8667358247603465e-03	3.9949961649646364e-02	2.6862189506160608e-04	1.1216444415054615e-02	5.7715905839824590e-05	6.0146979529081236e-04	4.0341207846086618e-06	2.2447868499628207e-04	1.2601117256128174e-06	9.7419996937390317e-06	7.2970064593085804e-08	4.9904285054584702e-06	2.8798877453497343e-08	2.7937980230085417e-07	2.0742127315963750e-09
7.7000000000000007e-04	9.1196346401823758e-01	9.4860207903495336e-03	5.3445983656925281e-02	5.5867900692389350e-04	1.8884228079165274e-02	1.9644208434065741e-04	1.1489857466029875e-03	1.1821279017226850e-05	3.9535696301121106e-03	4.0252993478500625e-05	2.3066390611307412e-04	2.3549067825107790e-06	7.2411513644811832e-05	7.3473718652728270e-07	4.3440802261286640e-06	4.3570896116790253e-08
7.9000000000000001e-04	9.1430602468956601e-01	3.5823589878043070e-03	5.5264490607221606e-02	1.6052042224175357e-04	1.4852618856339895e-02	5.8084465731963332e-05	7.7557864222777191e-04	2.2511199529932549e-06	1.0179742551998083e-02	3.8980921994307761e-05	6.1466280551504906e-04	1.7322326728956770e-06	1.5437757664607893e-04	5.8998922179453028e-07	7.9636324012277964e-06	2.2498466443238395e-08
8.1000000000000006e-04	9.4530294712024021e-01	3.6601804972831041e-04	4.4202496910146688e-02	3.4788565300028447e-05	4.0520358111767341e-03	1.5318003716991624e-06	1.2102700113764150e-04	7.6217401221184310e-08	5.6309590646618796e-03	2.3666963327783246e-06	2.6332841680930578e-04	2.0824012100517524e-07	2.1614230518273086e-05	8.3685860713015881e-09	5.9316901168001004e-07	3.3845879513479993e-10
8.3000000000000012e-04	9.6697720317020497e-01	7.6425364840705095e-03	2.4814978678855390e-02	1.6558519243072193e-04	3.6040803589389023e-04	3.0046072750753760e-06	2.7238824550186138e-05	2.1464328282015343e-07	8.0810034258421221e-06	1.5794691052679490e-09	2.4305145767909420e-07	1.3783991513691653e-10	4.9429395205893290e-07	4.7379766677972938e-09	5.5194081396611877e-09	3.9909070267089111e-11
8.5000000000000006e-04	9.6821468112296738e-01	9.2940713455200372e-03	7.2722639157294898e-03	3.6777864113104242e-05	9.0878890837507633e-03	8.7429808642098153e-05	4.7121351878553366e-05	1.6206952392010241e-07	5.8052844264168419e-03	5.4494451032128567e-05	4.3161467839821674e-05	2.1483732954509779e-07	5.5629863914232143e-05	5.2295093682512435e-07	2.9438919716646170e-07	1.0512100454187093e-09
8.7000000000000011e-04	9.6803081307469097e-01	1.6112145407906615e-03	7.3398902425756318e-05	7.1372912057336817e-06	1.9349238984662932e-02	3.1888278362242684e-05	8.7476031254875489e-06	1.5553037024573906e-07	1.0648818223742449e-02	1.6992458542618490e-05	7.8150660325721932e-07	8.0269491084474857e-08	2.2027918075816363e-04	3.4749392028111597e-07	1.0481202452347258e-07	1.8492849426544010e-09
8.9000000000000006e-04	9.6941836007165061e-01	1.8179565530580357e-03	6.4201932820126435e-03	2.9983104858718971e-05	1.7874043007847999e-02	3.3672917913569378e-05	1.7690770762374066e-04	6.6852049268788344e-07	4.1075126759357716e-03	8.1015364850222977e-06	2.7548576681106315e-05	1.4344491090607187e-07	8.3882063244868999e-05	1.6428794303071379e-07	8.5877656040319979e-07	3.4727820905854926e-09
9.1000000000000011e-04	9.6001141620399932e-01	9.2216346362386532e-03	2.3385883665730942e-02	2.9167957653191361e-04	6.6209749889668598e-03	6.3273730344975255e-05	1.4516986351702490e-04	1.6865016282682126e-06	2.4846400153963815e-04	2.0659179733787557e-06	5.9248091859910855e-06	6.1817958888524060e-08	1.7135435085088369e-06	1.2481400641737628e-08	3.7898738818474930e-08	3.6273690749513019e-10
9.3000000000000005e-04	9.4245009008885505e-01	7.0953110466125619e-03	4.2617621606739022e-02	3.0087290701445659e-04	1.7079431805061939e-05	1.2087425230095948e-07	8.8338664402442568e-06	4.9160801349561033e-08	7.1316008765617469e-03	5.2329750423607084e-05	3.2260092970765682e-04	2.2112100494692864e-06	1.1022057034195338e-06	8.7295235605956912e-09	1.6625096513456418e-07	1.0645465430281807e-09
9.5000000000000011e-04	9.2837689570378779e-01	2.7464576407428156e-04	5.4639398177479689e-02	2.0172159704113747e-06	5.8467600581785430e-03	1.7354827870504561e-06	4.7237912136590239e-04	1.1999189803633874e-08	9.7290001587432302e-03	2.5521140038928593e-06	5.7372702494453386e-04	1.2429990371067626e-08	7.4994316328725130e-05	1.9476364341378119e-08	5.8508935962665412e-06	6.3196172945417020e-11
9.7000000000000005e-04	9.2190806739383047e-01	3.8081399264813147e-03	5.3665071420281707e-02	2.6418042293509491e-04	1.6615271117355390e-02	6.9550623544915893e-05	9.6816807862231389e-04	4.7114047837351573e-06	2.4783158575046624e-03	1.0782906803658256e-05	1.4553647058583577e-04	7.4420052921611338e-07	5.7871624274476509e-05	2.5535601142672537e-07	3.3165724519923726e-06	1.6624004537912398e-08
9.8999999999999999e-04	9.2916771779637708e-01	9.7336229050418964e-03	4.0391513887615541e-02	3.4896676099970111e-04	1.8550891852543199e-02	1.9526000156732778e-04	6.3225092645520585e-04	5.2423776993937260e-06	9.1427128246040503e-04	8.8951192943013528e-06	3.8988973299632276e-05	3.1555226156833961e-07	1.1538794041904152e-05	1.0824852272702180e-07	4.1236391537427684e-07	3.1579054872613091e-09
1.0100000000000000e-03	9.5601885108951867e-01	4.7510996500376868e-03	2.0996036105061937e-02	6.1981096225833022e-05	9.1173508596726783e-03	4.5319578203880307e-05	1.2010830327180964e-04	4.3697913005346510e-07	8.5929764515997997e-03	4.1273224364405272e-05	1.8693648750499973e-04	5.2970379580169317e-07	6.5879092679786152e-05	3.1667260532375845e-07	9.0147570683358316e-07	3.2306217193568679e-09
1.0300000000000001e-03	9.8521097665627944e-01	9.0054313176804357e-05	4.8510104581629444e-03	8.7431982469678217e-06	4.1512629680428377e-04	3.0100068201470439e-08	1.7491265493164639e-05	5.5175464818960839e-09	9.3589961541158551e-03	9.4416174498051934e-07	4.5247645330614747e-05	7.7497009552295222e-08	1.1379400543981863e-06	3.8373758570822933e-11	1.5865858373495822e-07	9.9009418607680614e-11
1.0500000000000002e-03	9.8756791333303606e-01	6.6327074883932736e-03	2.9340657403595382e-04	1.4442937370574007e-05	4.0333796089455530e-03	2.7198244897113733e-05	1.6134596497472576e-05	3.2306395560269908e-07	1.3942647376514888e-03	9.9125119894279851e-06	4.1204559333536363e-07	2.5620138620438864e-08	9.7558437221378189e-06	7.1843290868332937e-08	5.0549385077209388e-08	1.0010989615337208e-09
1.0700000000000000e-03	9.6373162885442099e-01	9.5187380135625440e-03	9.0745590801858626e-03	1.3474251632883942e-04	1.5064073909778111e-02	1.4813860589089848e-04	2.4635278775202434e-04	3.2167409723970662e-06	2.0149084215745133e-03	1.8865252910672439e-05	1.8958079236191004e-05	2.6218519905240142e-07	2.4958288505186684e-05	2.3104043780593719e-07	3.6176649248529649e-07	4.4567537683852495e-09
1.0900000000000000e-03	9.4113530185590688e-01	2.3560762232289222e-03	2.6688602094154187e-02	5.0490807258488503e-05	1.9189123870834220e-02	4.7541874057789211e-05	6.4484373700956306e-04	1.1438137122250011e-06	9.4099031157740057e-03	2.2410429489381221e-05	2.6761359418885419e-04	4.8168212303204318e-07	1.8012211052293185e-04	4.2364158609775113e-07	5.9111325547221644e-06	1.0017600192934522e-08
1.1100000000000001e-03	9.3377107506791579e-01	1.0065811568657581e-03	4.5189149584247440e-02	1.0159855716559243e-04	1.1348741400671774e-02	1.2439072920096228e-05	4.6826588214948924e-04	9.4763087137679668e-07	7.6278375870817055e-03	8.7770353776410776e-06	3.7101801785973705e-04	8.8886888565082726e-07	8.8994779024741791e-05	1.0250549904264414e-07	3.5754037869031650e-06	7.4496788655958286e-09
1.1300000000000001e-03	9.3389102667956736e-01	8.2255488184832526e-03	5.5318611182867510e-02	5.2814623921462517e-04	1.4605469368525305e-03	1.2641181995959225e-05	2.6478196201578784e-05	2.3860269163794710e-07	4.9946439496149344e-04	4.7787561714475428e-06	3.0151870585809924e-05	3.1132498986288951e-07	1.9795464868181831e-06	1.6381456710837235e-08	5.9455491349324520e-08	4.3198397686379676e-10
1.1500000000000002e-03	9.3474719798000427e-01	7.8064561889145028e-03	5.1504955644401829e-02	3.2840321695360331e-04	1.9185894067867873e-03	1.6346903596689780e-05	1.8533763398110713e-04	1.0935573981178310e-06	3.2753700280579688e-03	2.6020949062707446e-05	1.7918868370088819e-04	1.0862705763768226e-06	9.1080127212123551e-06	7.4200724054850765e-08	7.6688053321297905e-07	4.4425891899619029e-09
1.1700000000000000e-03	9.3979353410820332e-01	6.6639420802716955e-04	3.6043661425810725e-02	1.3695455644304507e-05	1.2459486701920324e-02	8.5353191273024143e-06	4.4180223202887467e-04	1.8119103689494444e-07	1.0032690265728578e-02	6.4103468348523385e-06	3.8341625472237343e-04	1.2017529241088706e-07	1.4497635514862695e-04	8.8898725497156025e-08	5.0052933078154028e-06	1.7684427273287767e-09
1.1900000000000001e-03	9.5316351932088772e-01	3.0383775365165366e-03	1.7015075213055859e-02	4.9086743249617347e-05	1.9935196759024745e-02	6.4493832206083418e-05	2.1207586885990941e-04	5.1936387534596731e-07	6.2389984490794021e-03	2.0909685245057477e-05	1.1126425651639219e-04	3.1768429166365749e-07	1.4815861624060522e-04	5.0121950703318728e-07	1.5020269948174853e-06	3.4244509616616278e-09
1.2100000000000001e-03	9.7222266438985583e-01	9.9446032604395222e-03	3.0884491855584918e-03	5.7723556239144369e-06	1.4496137932061105e-02	1.4792857430156916e-04	2.3838612486524539e-05	1.9709790698025388e-07	6.4504077088513556e-05	7.4343625952702483e-07	2.4483277495293108e-07	1.5815373176164359e-10	4.8641312603500068e-06	4.9096819005425740e-08	2.7798707804704681e-09	7.9541177560686030e-11
1.2300000000000002e-03	9.8480951565672958e-01	5.8969764238753974e-03	9.2454294872334108e-04	2.6381029979670748e-05	3.2720968967494364e-03	1.9223092994075113e-05	2.7021846606341649e-05	2.1072072363458197e-07	4.9798630331063199e-03	2.8290279678586068e-05	4.9367693310623185e-06	1.2933635733310244e-07	1.0682944972041357e-05	5.9457213126832073e-08	6.9083520548751967e-08	4.7944123897447222e-10
1.2500000000000000e-03	9.7640628486477410e-01	2.1583959578584733e-05	1.2095175427578618e-02	7.8660349838266390e-06	6.9274102798636732e-04	2.5284793571966708e-08	4.5274363416746946e-05	4.0245012872286630e-08	1.0582107507350539e-02	5.1403035616529238e-08	1.3267073744795645e-04	1.0714042145441867e-07	1.5379391527361791e-05	1.1016694186616520e-10	6.9182699146130374e-07	6.7493509317634987e-10
1.2700000000000001e-03	9.4893252049029020e-01	5.1435503510139481e-03	3.0679165045905628e-02	2.6054731398642521e-04	9.5423561420436426e-03	5.1297452162511521e-05	4.8766708476326043e-04	4.0577580561386252e-06	4.6512027038543152e-03	2.6378188685261904e-05	1.5206934452042205e-04	1.3633425721744037e-06	6.4172451135657702e-05	3.6445467425628737e-07	3.2596337535698368e-06	2.8242583575639590e-08
1.2900000000000001e-03	9.2342275146584973e-01	9.2261746451487263e-03	4.7526949413891913e-02	4.8275432788314111e-04	1.8035293377327309e-02	1.8023245071845922e-04	1.0331283154113189e-03	1.0016253224754379e-05	7.8145167387515000e-05	4.7308292962610048e-07	3.7042474682450736e-06	2.2472519991402746e-08	3.2055562131443489e-07	1.7388803845533515e-09	3.2266044607914951e-08	2.1969433152691826e-10
1.3100000000000002e-03	9.1902297010716660e-01	3.1371850896097925e-03	5.4823584191280472e-02	1.0744493485050857e-04	1.5522303128971685e-02	5.2676016303545890e-05	7.5611239912043253e-04	1.5106553532359263e-06	6.1077903715595462e-03	1.9527541779051494e-05	3.6218723983934558e-04	6.5284628717434628e-07	8.1907824143662196e-05	2.6008362012928787e-07	3.8802776464596580e-06	7.2924691941656179e-09
1.3300000000000000e-03	9.3499085258345349e-01	5.1363397892263067e-04	4.8738068553918434e-02	6.5880915834967284e-05	5.0867301683647148e-03	2.7663298358757419e-06	1.3743680383309097e-04	1.2335286457244320e-07	9.9019958598385565e-03	6.0028025472809849e-06	5.1469446913912393e-04	7.1433452273273438e-07	4.0100909383451225e-05	2.2615961699365511e-08	9.7555076493819099e-07	7.7081574738240197e-10
1.3500000000000001e-03	9.5634287972001808e-01	7.7059625072185200e-03	3.2250956116292223e-02	2.0937500428918972e-04	1.0101496062789841e-04	9.3137656405651139e-07	4.1288895953118250e-05	3.6896695800571946e-07	3.2090359256028681e-03	2.7185677997500761e-05	1.0821535413485274e-04	7.1584636252208520e-07	1.8898281464210361e-06	1.8680342105559214e-08	1.5974345926654758e-07	1.3960345438875919e-09
1.3700000000000001e-03	9.6949177893616334e-01	8.7564130232543561e-03	1.3490795004538623e-02	5.7299936096579871e-05	7.4789396308402086e-03	6.7816081298313773e-05	7.9348750935537588e-05	1.7662497965324056e-07	5.6272612708356399e-04	4.3397982101243703e-06	7.6960253926478052e-06	3.0936081608706678e-08	2.5778213618561038e-06	2.0568035146609542e-08	4.0571381279624381e-08	1.6434926377624991e-10
1.3900000000000002e-03	9.7105004324723465e-01	1.2691143833310423e-03	1.5546723158832154e-03	1.6874582206093972e-05	1.8065945731559153e-02	2.3176367660031275e-05	6.3583409283418898e-07	2.9461379007464785e-07	7.8591951518079736e-03	9.2545982317832568e-06	1.2249550986396468e-05	1.3371655500613755e-07	1.3823431444199007e-04	1.5875618087374854e-07	1.4607527885678818e-08	2.2285132636649013e-09
1.4100000000000000e-03	9.6781168015320262e-01	2.1106911010933477e-03	2.1174136300330477e-03	2.7080716161058033e-05	1.8130822482656364e-02	3.9701421823765579e-05	1.1796045615081776e-04	7.1941322144403452e-07	9.4235820020951745e-03	2.1726934696190620e-05	2.1171292745076692e-05	2.9596834962981094e-07	1.7556856622702761e-04	4.0326691431448042e-07	1.1752558915572524e-06	7.3387412614133436e-09
1.4300000000000001e-03	9.6565084567514914e-01	9.2040404405914732e-03	1.4967224282353701e-02	2.3100130834499653e-04	7.7604162628094478e-03	7.3452067716429212e-05	1.2637250936816031e-04	1.5874771753871554e-06	1.9152416083013787e-03	1.9380228440425773e-05	3.0291825878432871e-05	5.0831779201986072e-07	1.9063061742368725e-05	1.8371855506500343e-07	3.8651532284960678e-07	4.7004617805765021e-09
1.4500000000000001e-03	9.5740771343057596e-01	6.6064962490733565e-03	3.4112830934306136e-02	2.1591964751210431e-04	1.8320096790484241e-04	1.1430043943904445e-06	7.6909556078165043e-06	1.5598362419067706e-08	1.4039478858671563e-03	8.6888079977666002e-06	4.9567568836159777e-05	2.7631673428622041e-07	2.4228540583774854e-06	1.6284274971987026e-08	6.9037965246733899e-08	4.5653212921619938e-10
1.4700000000000002e-03	9.3620772422300391e-01	1.7015469483192228e-04	4.9491450097537089e-02	1.4249235363146975e-06	4.4842765225261410e-03	8.3774303184370471e-07	4.1847956862120939e-04	3.9207844055763983e-08	8.7057531565919496e-03	1.1529131559694609e-06	4.6035701444553287e-04	1.9948327307095355e-08	5.3825547249531349e-05	7.0471782659645717e-09	4.4969210538246138e-06	4.7106739644386970e-10
1.4900000000000002e-03	9.1731848859165133e-01	4.0251215146298027e-03	5.3848452330168863e-02	3.0757237123246685e-04	1.4961858192048925e-02	6.6916255227850418e-05	9.3194469838074091e-04	5.1703095748414803e-06	7.8680633144444078e-03	3.6173669602510796e-05	4.6399716105520331e-04	2.7339484615941929e-06	1.5353137363834966e-04	7.2051864617476207e-07	9.2037573335726459e-06	5.1993906027270754e-08
1.5100000000000001e-03	9.2414925066930254e-01	9.3895794442438816e-03	4.5981144577470420e-02	3.5824975725170339e-04	1.8339160503161721e-02	1.8767859869287277e-04	6.7272648367677909e-04	4.8368774486005707e-06	8.3443176120720031e-04	9.2593392925637329e-06	4.2729741778963141e-05	3.5236244500600498e-07	2.9270440887938543e-05	3.1694322276713023e-07	1.0052902718086074e-06	7.2096492563456180e-09
1.5300000000000001e-03	9.5403130746954412e-01	4.1757914645123208e-03	2.8668929603859580e-02	6.3868663242573268e-05	1.0153330732899792e-02	4.4409124611816079e-05	1.5905285889688007e-04	5.3855334423115939e-07	2.5983624739555145e-03	1.0258734883181269e-05	7.6577680913936640e-05	1.5923169046234091e-07	1.6995119968306762e-05	6.7233004603303563e-08	3.5007485327214966e-07	9.7982295713866810e-10
1.5500000000000002e-03	9.7853872235878581e-01	1.9442934784852121e-04	1.0259344730921978e-02	1.9822693358104415e-05	8.8187395153114286e-04	1.4213941088594385e-07	3.9166826494364468e-05	2.7425507748988799e-08	9.9578823552734872e-03	2.2983128428689921e-06	1.0243400126290001e-04	1.8810559840607419e-07	3.2745555398788044e-06	4.3536462285434329e-10	3.9224920552857356e-07	5.1105720875183158e-10
1.5700000000000002e-03	9.8249942022269210e-01	6.8422065882806707e-03	5.9093618743986226e-04	4.1701684411870940e-06	2.9133446908905084e-03	2.0534193408980655e-05	1.8022694746795278e-05	3.9330069730520444e-07	7.0202309063289413e-03	5.0914122093202214e-05	3.9229113090271876e-06	3.8968662545776496e-08	3.5453115004476788e-05	2.6335658969864115e-07	1.4439230232728318e-07	4.1811154642700823e-09
1.5900000000000001e-03	9.7289087190889945e-01	9.1205587133102763e-03	3.8276765540955653e-03	8.9224555775417860e-05	1.3540911826622747e-02	1.2615151493613295e-04	1.6057805632629075e-04	2.4175644379678008e-06	2.2871138314059015e-04	2.4809133094918031e-06	8.8990044679718376e-07	2.8221772810249449e-08	9.2387870233762050e-06	9.8692780119429189e-08	1.5890877893634847e-07	2.4983463689146074e-09
1.6100000000000001e-03	9.5614205525860163e-01	1.9832379225516827e-03	1.8201489478020444e-02	2.8339431791757810e-05	1.8962643039026634e-02	3.8825219566753466e-05	5.1805652986219007e-04	6.1927057946785446e-07	3.9815131872593659e-03	7.3231307233367989e-06	7.5753145124789334e-05	1.0082731780999417e-07	5.8499713247065606e-05	1.0518986734402014e-07	1.4371071290171498e-06	1.5493332939872077e-09
1.6300000000000002e-03	9.3858378186847147e-01	1.2334251816373037e-03	3.6838512696076763e-02	1.2632105345442262e-04	1.2362077858250171e-02	1.6612253987060793e-05	4.1636544959712177e-04	1.1575465601598386e-06	9.9045891263111786e-03	1.4025335177759627e-05	3.9032973856501776e-04	1.4201851559453781e-06	1.0786697708135337e-04	1.5356972711713942e-07	3.3517889836463723e-06	9.3709652190719168e-09
1.6500000000000002e-03	9.3249001427141831e-01	8.2143150212327948e-03	5.0895361507594224e-02	5.0827206306722911e-04	2.2353431603336425e-03	1.9362189982709010e-05	2.7506688453923394e-05	2.5964816181491385e-07	5.2605128991821595e-03	4.8354756086069348e-05	2.8917738097550787e-04	2.9906398358246442e-06	8.4123092129492384e-06	7.2186512643226708e-08	4.5111861777601285e-08	1.6609112038072843e-10
1.6700000000000000e-03	9.3775137128138697e-01	7.2803513691022158e-03	5.3306306925759508e-02	2.7882980069251497e-04	1.1568937962637697e-03	9.3922906866526077e-06	1.8249914266002369e-04	7.9900403951831951e-07	3.0095751670101026e-05	1.5401205975621616e-07	1.7330949535425511e-06	7.8109107358336040e-09	1.5090122065307033e-06	1.2718364928726261e-08	4.3796867504973639e-08	1.9237828693472070e-10
1.6900000000000001e-03	9.4022876745308948e-01	4.7320402847558963e-04	4.2361170618527996e-02	1.5228652538239040e-05	1.0735801914257090e-02	5.0256040486673240e-06	4.7808359834570591e-04	2.6062929008340208e-07	5.3964363821403715e-03	2.1756633926393544e-06	2.4090831682060018e-04	7.9376396780795476e-08	6.0233105418351969e-05	2.2044256396365508e-08	2.6013294049556670e-06	1.2835997305437786e-09
1.7100000000000001e-03	9.4270814826655347e-01	3.3000494090418908e-03	2.4308335493220298e-02	7.8498317489772665e-05	1.8915416706386596e-02	6.7774998016192046e-05	2.7404934173308487e-04	6.9534289339316780e-07	9.8496908737578936e-03	3.6262158051548540e-05	2.5251710424833149e-04	8.1024246817419390e-07	2.0412696062473620e-04	7.6420921448841624e-07	2.8539480596195536e-06	6.6282423047896629e-09
1.7300000000000002e-03	9.6325032003365652e-01	9.6621500367570518e-03	7.7660237729332247e-03	1.9370069918438575e-05	1.5081871805981840e-02	1.5086878303213557e-04	5.3366595600378550e-05	3.8099549171927739e-07	3.8714453163789827e-03	4.0734266938938564e-05	3.0930503550091358e-05	7.0497061357304685e-08	7.1492397161338538e-05	7.3556069059885686e-07	2.3699391584926254e-07	2.3709333738281908e-09
1.7500000000000000e-03	9.8993013034935706e-01	5.2901596724937413e-03	1.9304069719143895e-04	2.6910799590980587e-05	4.2087835085964287e-03	2.2068232555658415e-05	4.7903155620065857e-05	3.0281538178259236e-07	2.7562672299610196e-04	1.0849684963429072e-06	1.0751850242462597e-07	4.8658991107976274e-09	3.8520285542908387e-06	1.9132685905071065e-08	5.3672323978188792e-09	1.6484855657248139e-10
1.7700000000000001e-03	9.8644795125818885e-01	3.7712096029820076e-05	5.9579486569512072e-03	1.7606561686116950e-05	3.2952707705937817e-04	2.2061343693046780e-08	4.2648523518875876e-05	1.1942295958335369e-07	7.1121487586838211e-03	2.8261791954172722e-07	4.3890208062980339e-05	1.3484580337618151e-07	9.7292203899320286e-06	4.8882839601029156e-10	2.7711511606159661e-07	1.0874614589516050e-09
1.7900000000000001e-03	9.5441851708312886e-01	5.4168255306685769e-03	2.1680677922291235e-02	2.3855284552261037e-04	8.0005451247521803e-03	4.4724508701064339e-05	3.8471300973323837e-04	3.9600157568642101e-06	9.4250219511015192e-03	5.5595105941986336e-05	2.1658922785116531e-04	2.4789058555888800e-06	1.0634880892447557e-04	6.2409678846015296e-07	4.7757219096095880e-06	5.0141075731052127e-08
1.8100000000000002e-03	9.3021688074222619e-01	8.9049782755201562e-03	3.9843255977281569e-02	3.9708464565468241e-04	1.6986189451917065e-02	1.6270423499838436e-04	9.0489428476099858e-04	8.1689062933588283e-06	2.3756560414528649e-03	2.4115052550724574e-05	1.0396928234851242e-04	1.1000836276151626e-06	6.6755061209116369e-05	6.7102108067246098e-07	3.5441382451777687e-06	3.2800835856714356e-08
1.8300000000000002e-03	9.2739691565599247e-01	2.7232870162104627e-03	5.2069031810762466e-02	6.2131284360857634e-05	1.6030681579944212e-02	4.6539162232263487e-05	7.1809913284261303e-04	9.3771957871920711e-07	8.9436137573432320e-04	2.1433555917213875e-06	4.8668828273584277e-05	4.8107856961203185e-08	6.7914240107098826e-06	1.6842684227457396e-08	3.4629432855974562e-07	4.0959798590140925e-10
1.8500000000000001e-03	9.3301565304495582e-01	6.8696925629372035e-04	5.1422333880526319e-02	1.0373166045125404e-04	6.1546631935879533e-03	4.5762672429399382e-06	1.4746834719730126e-04	1.6434390011501385e-07	7.9873002666575495e-03	6.5958086317715878e-06	4.3693986035104915e-04	9.1158758420374705e-07	3.1888685327810076e-05	2.3960650275433012e-08	7.7890305954936730e-07	9.3358498046785196e-10
1.8700000000000001e-03	9.4423242599653900e-01	7.7167929039273810e-03	3.8751930192249082e-02	2.4702848543701545e-04	5.6253621187343824e-05	4.1769752725888230e-07	5.7408458102386947e-05	5.7184852837988944e-07	8.5121647758262687e-03	7.2067404859859640e-05	3.4780205986374035e-04	2.2303657948764492e-06	2.1547746656826505e-06	2.3406671557837916e-08	7.2163352637131369e-07	6.3752961667380486e-09
1.8900000000000002e-03	9.6365642022332854e-01	8.1632901058511856e-03	2.0586872690877115e-02	7.6119804994205390e-05	5.9826288542726988e-03	5.0984190513707415e-05	1.1686690072991836e-04	1.7551335912832117e-07	1.3079181158781603e-03	1.2051156897333195e-05	2.8224876699185971e-05	1.0131686134413043e-07	1.7978215515907363e-05	1.6525252980818343e-07	2.0263655373053194e-07	1.4514032382807465e-10
1.9100000000000002e-03	9.7494674423763150e-01	9.6862017148535424e-04	5.2653295302613617e-03	3.1249174303604670e-05	1.6741730365458500e-02	1.6112456083557135e-05	8.9102233167877467e-06	5.1453530952716618e-07	1.9880422616002152e-03	1.5918453293956077e-06	1.0461075263115334e-05	5.7331294231987647e-08	2.0582041953503626e-05	1.5230548860052526e-08	3.9009753853912344e-08	5.1040969494248477e-10
1.9300000000000001e-03	9.6945643923134195e-01	2.4278057243327694e-03	3.1440187454634378e-04	2.2106384711304698e-05	1.8254112308351628e-02	4.5851194579832937e-05	7.9806170396536346e-05	7.2909340619784704e-07	9.2215742280853906e-03	2.4453109986407959e-05	3.2224824729860671e-06	2.2352552768293365e-07	1.4823362386646600e-04	3.9029443451818053e-07	6.4549063588232004e-07	5.2633265121639577e-09
1.9500000000000001e-03	9.6594153392028892e-01	9.1101185805854135e-03	8.0755201567726618e-03	1.7259158546739086e-04	8.8294005682047899e-03	8.2587334499720688e-05	1.1670642862082325e-04	1.5290396151039770e-06	7.4713967868524382e-03	7.2825176002444235e-05	6.4035325465945325e-05	1.4270179332738978e-06	5.8877889708490006e-05	5.5848002444665878e-07	8.8120154172565673e-07	1.0508419553399606e-08
1.9700000000000000e-03	9.6743437919505992e-01	6.0780334396503162e-03	2.5265625048852870e-02	1.4707614952300655e-04	5.2733498684072358e-04	3.0144695227103395e-06	1.0676306215034151e-05	1.6253680083244127e-09	5.1336831804720516e-04	3.7275082349945199e-06	1.3815251399301728e-05	9.9159486845667316e-08	2.6371011820587760e-06	1.4970042720016153e-08	1.9590259655665761e-07	5.6798051574796923e-10
1.9900000000000000e-03	9.4996682524546383e-01	9.9807119213697618e-05	4.2842963331569436e-02	1.1052982127490644e-05	3.3733153031057449e-03	3.7422953198359602e-07	3.6677026445260975e-04	2.0045084797736371e-07	3.1798216939010466e-03	2.3218011644824698e-07	1.4248129303610736e-04	4.5600149175394195e-08	1.4996965862928066e-05	8.7514407654774529e-10	1.1118487640662392e-06	6.1671683069660711e-10
2.0100000000000001e-03	9.1918109997673081e-01	4.2642192172586951e-03	5.1830978595481310e-02	3.4005214481393908e-04	1.3412648962054265e-02	6.3680121430329781e-05	8.8287197434513769e-04	5.4812705551461805e-06	9.2864795949565340e-03	4.4868868834031905e-05	5.2423973112015001e-04	3.5054550631695090e-06	1.4989841261495580e-04	7.4072723140907303e-07	9.1778458283363875e-06	5.7101686343856363e-08
2.0300000000000001e-03	9.1624825697696188e-01	9.0023948583433898e-03	4.9389166765171647e-02	3.4768586005448930e-04	1.7910398422958763e-02	1.7767570949720900e-04	6.9164011058129497e-04	4.2951619502114053e-06	5.7169184873072021e-03	5.8226324091229739e-05	3.1086700279017672e-04	2.2116027017779727e-06	1.3408778825974068e-04	1.3620560913872151e-06	4.7833264871479195e-06	2.9546756600237505e-08
