8.3333333333333339e-04	0.0000000000000000e+00	9.9999614469073539e-01	3.8553092646954986e-06	0.0000000000000000e+00
2.5000000000000001e-03	0.0000000000000000e+00	9.9998458086856157e-01	1.5419131438804047e-05	0.0000000000000000e+00
4.1666666666666666e-03	0.0000000000000000e+00	9.9996531484918794e-01	3.4685150812399628e-05	0.0000000000000000e+00
5.8333333333333336e-03	0.0000000000000000e+00	9.9993835715496560e-01	6.1642845035003212e-05	0.0000000000000000e+00
7.5000000000000006e-03	0.0000000000000000e+00	9.9990372250913817e-01	9.6277490862481317e-05	0.0000000000000000e+00
9.1666666666666667e-03	0.0000000000000000e+00	9.9986142982780235e-01	1.3857017219830937e-04	0.0000000000000000e+00
1.0833333333333334e-02	0.0000000000000000e+00	9.9981150220957615e-01	1.8849779042480756e-04	0.0000000000000000e+00
1.2500000000000001e-02	0.0000000000000000e+00	9.9975396692298224e-01	2.4603307701870900e-04	0.0000000000000000e+00
1.4166666666666668e-02	0.0000000000000000e+00	9.9968885539155694e-01	3.1114460844416404e-04	0.0000000000000000e+00
1.5833333333333335e-02	0.0000000000000000e+00	9.9961620317668620e-01	3.8379682331505697e-04	0.0000000000000000e+00
1.7500000000000002e-02	0.0000000000000000e+00	9.9953604995818435e-01	4.6395004181724620e-04	0.0000000000000000e+00
1.9166666666666669e-02	0.0000000000000000e+00	9.9944843951262152e-01	5.5156048738014187e-04	0.0000000000000000e+00
2.0833333333333336e-02	0.0000000000000000e+00	9.9935341968941604e-01	6.4658031058576447e-04	0.0000000000000000e+00
2.2500000000000003e-02	0.0000000000000000e+00	9.9925104238469964e-01	7.4895761530223144e-04	0.0000000000000000e+00
2.4166666666666670e-02	0.0000000000000000e+00	9.9914136351297467e-01	8.5863648702741143e-04	0.0000000000000000e+00
2.5833333333333337e-02	0.0000000000000000e+00	9.9902444297657489e-01	9.7555702342725205e-04	0.0000000000000000e+00
2.7500000000000000e-02	0.0000000000000000e+00	9.9890034463295019e-01	1.0996553670520937e-03	0.0000000000000000e+00
2.9166666666666667e-02	0.0000000000000000e+00	9.9876913625978925e-01	1.2308637402131406e-03	0.0000000000000000e+00
3.0833333333333334e-02	0.0000000000000000e+00	9.9863088951800227e-01	1.3691104819999911e-03	0.0000000000000000e+00
3.2500000000000001e-02	0.0000000000000000e+00	9.9848567991258352e-01	1.5143200874190293e-03	0.0000000000000000e+00
3.4166666666666672e-02	0.0000000000000000e+00	9.9833358675137140e-01	1.6664132486313348e-03	0.0000000000000000e+00
3.5833333333333335e-02	0.0000000000000000e+00	9.9817469310173534e-01	1.8253068982675375e-03	0.0000000000000000e+00
3.7500000000000006e-02	0.0000000000000000e+00	9.9800908574520697e-01	1.9909142547959646e-03	0.0000000000000000e+00
3.9166666666666669e-02	0.0000000000000000e+00	9.9783685513008369e-01	2.1631448699193528e-03	0.0000000000000000e+00
4.0833333333333333e-02	0.0000000000000000e+00	9.9765809532202909e-01	2.3419046779742025e-03	0.0000000000000000e+00
4.2500000000000003e-02	0.0000000000000000e+00	9.9747290395269761e-01	2.5270960473057500e-03	0.0000000000000000e+00
4.4166666666666667e-02	0.0000000000000000e+00	9.9728138216641271e-01	2.7186178335906301e-03	0.0000000000000000e+00
4.5833333333333337e-02	0.0000000000000000e+00	9.9708363456492577e-01	2.9163654350779131e-03	0.0000000000000000e+00
4.7500000000000001e-02	0.0000000000000000e+00	9.9687976915028498e-01	3.1202308497185632e-03	0.0000000000000000e+00
4.9166666666666671e-02	0.0000000000000000e+00	9.9666989726585198e-01	3.3301027341519200e-03	0.0000000000000000e+00
5.0833333333333335e-02	0.0000000000000000e+00	9.9645413353548673e-01	3.5458664645171625e-03	0.0000000000000000e+00
5.2500000000000005e-02	0.0000000000000000e+00	9.9623259580094781e-01	3.7674041990563220e-03	0.0000000000000000e+00
5.4166666666666669e-02	0.0000000000000000e+00	9.9600540505752921e-01	3.9945949424749511e-03	0.0000000000000000e+00
5.5833333333333339e-02	0.0000000000000000e+00	9.9577268538797925e-01	4.2273146120249943e-03	0.0000000000000000e+00
5.7500000000000002e-02	0.0000000000000000e+00	9.9553456389473061e-01	4.4654361052739811e-03	0.0000000000000000e+00
5.9166666666666673e-02	0.0000000000000000e+00	9.9529117063048111e-01	4.7088293695234443e-03	0.0000000000000000e+00
6.0833333333333336e-02	0.0000000000000000e+00	9.9504263852716612e-01	4.9573614728385985e-03	0.0000000000000000e+00
6.2500000000000000e-02	0.0000000000000000e+00	9.9478910332335402e-01	5.2108966766506474e-03	0.0000000000000000e+00
6.4166666666666677e-02	0.0000000000000000e+00	9.9453070349011297e-01	5.4692965098918729e-03	0.0000000000000000e+00
6.5833333333333341e-02	0.0000000000000000e+00	9.9426758015538186e-01	5.7324198446231595e-03	0.0000000000000000e+00
6.7500000000000004e-02	0.0000000000000000e+00	9.9399987702689274e-01	6.0001229731125646e-03	0.0000000000000000e+00
6.9166666666666668e-02	0.0000000000000000e+00	9.9372774031368261e-01	6.2722596863229703e-03	0.0000000000000000e+00
7.0833333333333331e-02	0.0000000000000000e+00	9.9345131864623981e-01	6.5486813537656832e-03	0.0000000000000000e+00
7.2500000000000009e-02	0.0000000000000000e+00	9.9317076299532903e-01	6.8292370046766403e-03	0.0000000000000000e+00
7.4166666666666672e-02	0.0000000000000000e+00	9.9288622658953518e-01	7.1137734104708451e-03	0.0000000000000000e+00
7.5833333333333336e-02	0.0000000000000000e+00	9.9259786483157664e-01	7.4021351684297508e-03	0.0000000000000000e+00
7.7499999999999999e-02	0.0000000000000000e+00	9.9230583521343019e-01	7.6941647865762788e-03	0.0000000000000000e+00
7.9166666666666677e-02	0.0000000000000000e+00	9.9201029723031575e-01	7.9897027696907257e-03	0.0000000000000000e+00
8.0833333333333340e-02	0.0000000000000000e+00	9.9171141229358573e-01	8.2885877064209183e-03	0.0000000000000000e+00
8.2500000000000004e-02	0.0000000000000000e+00	9.9140934364256794e-01	8.5906563574387751e-03	0.0000000000000000e+00
8.4166666666666667e-02	0.0000000000000000e+00	9.9110425625541154e-01	8.8957437445953153e-03	0.0000000000000000e+00
8.5833333333333345e-02	0.0000000000000000e+00	9.9079631675898161e-01	9.2036832410252768e-03	0.0000000000000000e+00
8.7500000000000008e-02	0.0000000000000000e+00	9.9048569333785497e-01	9.5143066621522429e-03	0.0000000000000000e+00
8.9166666666666672e-02	0.0000000000000000e+00	9.9017255564246287e-01	9.8274443575444639e-03	0.0000000000000000e+00
9.0833333333333335e-02	0.0000000000000000e+00	9.8985707469643602e-01	1.0142925303571429e-02	0.0000000000000000e+00
9.2500000000000013e-02	0.0000000000000000e+00	9.8953942280319740e-01	1.0460577196810228e-02	0.0000000000000000e+00
9.4166666666666676e-02	0.0000000000000000e+00	9.8921977345185674e-01	1.0780226548151075e-02	0.0000000000000000e+00
9.5833333333333340e-02	0.0000000000000000e+00	9.8889830122245803e-01	1.1101698777550177e-02	0.0000000000000000e+00
9.7500000000000003e-02	0.0000000000000000e+00	9.8857518169062952e-01	1.1424818309378706e-02	0.0000000000000000e+00
9.9166666666666667e-02	0.0000000000000000e+00	9.8825059133169324e-01	1.1749408668315271e-02	0.0000000000000000e+00
1.0083333333333334e-01	0.0000000000000000e+00	9.8792470742427874e-01	1.2075292575729946e-02	0.0000000000000000e+00
1.0250000000000001e-01	0.0000000000000000e+00	9.8759770795350166e-01	1.2402292046506952e-02	0.0000000000000000e+00
1.0416666666666667e-01	0.0000000000000000e+00	9.8726977151375561e-01	1.2730228486253126e-02	0.0000000000000000e+00
1.0583333333333333e-01	0.0000000000000000e+00	9.8694107721116953e-01	1.3058922788839349e-02	0.0000000000000000e+00
1.0750000000000001e-01	0.0000000000000000e+00	9.8661180456578779e-01	1.3388195434221272e-02	0.0000000000000000e+00
1.0916666666666668e-01	0.0000000000000000e+00	9.8628213341352311e-01	1.3717866586486200e-02	0.0000000000000000e+00
1.1083333333333334e-01	0.0000000000000000e+00	9.8595224380793689e-01	1.4047756192072493e-02	0.0000000000000000e+00
1.1250000000000000e-01	0.0000000000000000e+00	9.8562231592190175e-01	1.4377684078107807e-02	0.0000000000000000e+00
1.1416666666666668e-01	0.0000000000000000e+00	9.8529252994919736e-01	1.4707470050812481e-02	0.0000000000000000e+00
1.1583333333333334e-01	0.0000000000000000e+00	9.8496306600609573e-01	1.5036933993914432e-02	0.0000000000000000e+00
1.1750000000000001e-01	0.0000000000000000e+00	9.8463410403298846e-01	1.5365895967021594e-02	0.0000000000000000e+00
1.1916666666666667e-01	0.0000000000000000e+00	9.8430582369611175e-01	1.5694176303898365e-02	0.0000000000000000e+00
1.2083333333333333e-01	0.0000000000000000e+00	9.8397840428941796e-01	1.6021595710592418e-02	0.0000000000000000e+00
1.2250000000000001e-01	0.0000000000000000e+00	9.8365202463665258e-01	1.6347975363357928e-02	0.0000000000000000e+00
1.2416666666666668e-01	0.0000000000000000e+00	9.8332686299368843e-01	1.6673137006322246e-02	0.0000000000000000e+00
1.2583333333333335e-01	0.0000000000000000e+00	9.8300309695116850e-01	1.6996903048842358e-02	0.0000000000000000e+00
1.2750000000000000e-01	0.0000000000000000e+00	9.8268090333751301e-01	1.7319096662497865e-02	0.0000000000000000e+00
1.2916666666666668e-01	0.0000000000000000e+00	9.8236045812234296e-01	1.7639541877667909e-02	0.0000000000000000e+00
1.3083333333333333e-01	0.0000000000000000e+00	9.8204193632037218e-01	1.7958063679638859e-02	0.0000000000000000e+00
1.3250000000000001e-01	0.0000000000000000e+00	9.8172551189582047e-01	1.8274488104190599e-02	0.0000000000000000e+00
1.3416666666666668e-01	0.0000000000000000e+00	9.8141135766740262e-01	1.8588642332608915e-02	0.0000000000000000e+00
1.3583333333333333e-01	0.0000000000000000e+00	9.8109964521393911e-01	1.8900354786072490e-02	0.0000000000000000e+00
1.3750000000000001e-01	0.0000000000000000e+00	9.8079054478064931e-01	1.9209455219362525e-02	0.0000000000000000e+00
1.3916666666666669e-01	0.0000000000000000e+00	9.8048422518616796e-01	1.9515774813844023e-02	0.0000000000000000e+00
1.4083333333333334e-01	0.0000000000000000e+00	9.8018085373034392e-01	1.9819146269667992e-02	0.0000000000000000e+00
1.4250000000000002e-01	0.0000000000000000e+00	9.7988059610286793e-01	2.0119403897144127e-02	0.0000000000000000e+00
1.4416666666666667e-01	0.0000000000000000e+00	9.7958361629277801e-01	2.0416383707234073e-02	0.0000000000000000e+00
1.4583333333333334e-01	0.0000000000000000e+00	9.7929007649889654e-01	2.0709923501115786e-02	0.0000000000000000e+00
1.4750000000000002e-01	0.0000000000000000e+00	9.7900013704124178e-01	2.0999862958770366e-02	0.0000000000000000e+00
1.4916666666666667e-01	0.0000000000000000e+00	9.7871395627347002e-01	2.1286043726542490e-02	0.0000000000000000e+00
1.5083333333333335e-01	0.0000000000000000e+00	9.7843169049638568e-01	2.1568309503627085e-02	0.0000000000000000e+00
1.5250000000000000e-01	0.0000000000000000e+00	9.7815349387257811e-01	2.1846506127434703e-02	0.0000000000000000e+00
1.5416666666666667e-01	0.0000000000000000e+00	9.7787951834222375e-01	2.2120481657789202e-02	0.0000000000000000e+00
1.5583333333333335e-01	0.0000000000000000e+00	9.7760991354010185e-01	2.2390086459911442e-02	0.0000000000000000e+00
1.5750000000000000e-01	0.0000000000000000e+00	9.7734482671386902e-01	2.2655173286144113e-02	0.0000000000000000e+00
1.5916666666666668e-01	0.0000000000000000e+00	9.7708440264364071e-01	2.2915597356372604e-02	0.0000000000000000e+00
1.6083333333333336e-01	0.0000000000000000e+00	9.7682878356291525e-01	2.3171216437098290e-02	0.0000000000000000e+00
1.6250000000000001e-01	0.0000000000000000e+00	9.7657810908089282e-01	2.3421890919120936e-02	0.0000000000000000e+00
1.6416666666666668e-01	0.0000000000000000e+00	9.7633251610622607e-01	2.3667483893787773e-02	0.0000000000000000e+00
1.6583333333333333e-01	0.0000000000000000e+00	9.7609213877224621e-01	2.3907861227767776e-02	0.0000000000000000e+00
1.6750000000000001e-01	0.0000000000000000e+00	9.7585710836370410e-01	2.4142891636310001e-02	0.0000000000000000e+00
1.6916666666666669e-01	0.0000000000000000e+00	9.7562755324506811e-01	2.4372446754946191e-02	0.0000000000000000e+00
1.7083333333333334e-01	0.0000000000000000e+00	9.7540359879041594e-01	2.4596401209598558e-02	0.0000000000000000e+00
1.7250000000000001e-01	0.0000000000000000e+00	9.7518536731496053e-01	2.4814632685054086e-02	0.0000000000000000e+00
1.7416666666666666e-01	0.0000000000000000e+00	9.7497297800824645e-01	2.5027021991768400e-02	0.0000000000000000e+00
1.7583333333333334e-01	0.0000000000000000e+00	9.7476654686905251e-01	2.5233453130962535e-02	0.0000000000000000e+00
1.7750000000000002e-01	0.0000000000000000e+00	9.7456618664203831e-01	2.5433813357976887e-02	0.0000000000000000e+00
1.7916666666666667e-01	0.0000000000000000e+00	9.7437200675616742e-01	2.5627993243847954e-02	0.0000000000000000e+00
1.8083333333333335e-01	0.0000000000000000e+00	9.7418411326494125e-01	2.5815886735074230e-02	0.0000000000000000e+00
1.8250000000000002e-01	0.0000000000000000e+00	9.7400260878847722e-01	2.5997391211538417e-02	0.0000000000000000e+00
1.8416666666666667e-01	0.0000000000000000e+00	9.7382759245746120e-01	2.6172407542554645e-02	0.0000000000000000e+00
1.8583333333333335e-01	0.0000000000000000e+00	9.7365915985900631e-01	2.6340840141009708e-02	0.0000000000000000e+00
1.8750000000000000e-01	0.0000000000000000e+00	9.7349740298444720e-01	2.6502597015569087e-02	0.0000000000000000e+00
1.8916666666666668e-01	0.0000000000000000e+00	9.7334241017909728e-01	2.6657589820919047e-02	0.0000000000000000e+00
1.9083333333333335e-01	0.0000000000000000e+00	9.7319426609399906e-01	2.6805733906017315e-02	0.0000000000000000e+00
1.9250000000000000e-01	0.0000000000000000e+00	9.7305305163969014e-01	2.6946948360326364e-02	0.0000000000000000e+00
1.9416666666666668e-01	0.0000000000000000e+00	9.7291884394201344e-01	2.7081156058003378e-02	0.0000000000000000e+00
1.9583333333333336e-01	0.0000000000000000e+00	9.7279171629999339e-01	2.7208283700023535e-02	0.0000000000000000e+00
1.9750000000000001e-01	0.0000000000000000e+00	9.7267173814580399e-01	2.7328261854213116e-02	0.0000000000000000e+00
1.9916666666666669e-01	0.0000000000000000e+00	9.7255897500684663e-01	2.7441024993170523e-02	0.0000000000000000e+00
2.0083333333333334e-01	0.0000000000000000e+00	9.7245348846996227e-01	2.7546511530054860e-02	0.0000000000000000e+00
2.0250000000000001e-01	0.0000000000000000e+00	9.7235533614779490e-01	2.7644663852222352e-02	0.0000000000000000e+00
2.0416666666666669e-01	0.0000000000000000e+00	9.7226457164732549e-01	2.7735428352692038e-02	0.0000000000000000e+00
2.0583333333333334e-01	0.0000000000000000e+00	9.7218124454059418e-01	2.7818755459423788e-02	0.0000000000000000e+00
2.0750000000000002e-01	0.0000000000000000e+00	9.7210540033762527e-01	2.7894599662392671e-02	0.0000000000000000e+00
2.0916666666666667e-01	0.0000000000000000e+00	9.7203708046157311e-01	2.7962919538444840e-02	0.0000000000000000e+00
2.1083333333333334e-01	0.0000000000000000e+00	9.7197632222609709e-01	2.8023677773921136e-02	0.0000000000000000e+00
2.1250000000000002e-01	0.0000000000000000e+00	9.7192315881498204e-01	2.8076841185036304e-02	0.0000000000000000e+00
2.1416666666666667e-01	0.0000000000000000e+00	9.7187761926401539e-01	2.8122380736002893e-02	0.0000000000000000e+00
2.1583333333333335e-01	0.0000000000000000e+00	9.7183972844512923e-01	2.8160271554889330e-02	0.0000000000000000e+00
2.1750000000000003e-01	0.0000000000000000e+00	9.7180950705281477e-01	2.8190492947203966e-02	0.0000000000000000e+00
2.1916666666666668e-01	0.0000000000000000e+00	9.7178697159282124e-01	2.8213028407197749e-02	0.0000000000000000e+00
2.2083333333333335e-01	0.0000000000000000e+00	9.7177213437314014e-01	2.8227865626878890e-02	0.0000000000000000e+00
2.2250000000000000e-01	0.0000000000000000e+00	9.7176500349728412e-01	2.8234996502734977e-02	0.0000000000000000e+00
2.2416666666666668e-01	0.0000000000000000e+00	9.7176558285986026e-01	2.8234417140159063e-02	0.0000000000000000e+00
2.2583333333333336e-01	0.0000000000000000e+00	9.7177387214444311e-01	2.8226127855576384e-02	0.0000000000000000e+00
2.2750000000000001e-01	0.0000000000000000e+00	9.7178986682374791e-01	2.8210133176271787e-02	0.0000000000000000e+00
2.2916666666666669e-01	0.0000000000000000e+00	9.7181355816210258e-01	2.8186441837917058e-02	0.0000000000000000e+00
2.3083333333333333e-01	0.0000000000000000e+00	9.7184493322022014e-01	2.8155066779799783e-02	0.0000000000000000e+00
2.3250000000000001e-01	0.0000000000000000e+00	9.7188397486226341e-01	2.8116025137756469e-02	0.0000000000000000e+00
2.3416666666666669e-01	0.0000000000000000e+00	9.7193066176520648e-01	2.8069338234813550e-02	0.0000000000000000e+00
2.3583333333333334e-01	0.0000000000000000e+00	9.7198496843047832e-01	2.8015031569541660e-02	0.0000000000000000e+00
2.3750000000000002e-01	0.0000000000000000e+00	9.7204686519789096e-01	2.7953134802129229e-02	0.0000000000000000e+00
2.3916666666666669e-01	0.0000000000000000e+00	9.7211631826183709e-01	2.7883681738183334e-02	0.0000000000000000e+00
2.4083333333333334e-01	0.0000000000000000e+00	9.7219328968975438e-01	2.7806710310266311e-02	0.0000000000000000e+00
2.4250000000000002e-01	0.0000000000000000e+00	9.7227773744284218e-01	2.7722262557178468e-02	0.0000000000000000e+00
2.4416666666666667e-01	0.0000000000000000e+00	9.7236961539902267e-01	2.7630384600998141e-02	0.0000000000000000e+00
2.4583333333333335e-01	0.0000000000000000e+00	9.7246887337812937e-01	2.7531126621891642e-02	0.0000000000000000e+00
2.4750000000000003e-01	0.0000000000000000e+00	9.7257545716931448e-01	2.7424542830706757e-02	0.0000000000000000e+00
2.4916666666666668e-01	0.0000000000000000e+00	9.7268930856065638e-01	2.7310691439364938e-02	0.0000000000000000e+00
2.5083333333333335e-01	0.0000000000000000e+00	9.7281036537095311e-01	2.7189634629068191e-02	0.0000000000000000e+00
2.5250000000000000e-01	0.0000000000000000e+00	9.7293856148368341e-01	2.7061438516338087e-02	0.0000000000000000e+00
2.5416666666666671e-01	0.0000000000000000e+00	9.7307382688311594e-01	2.6926173116905563e-02	0.0000000000000000e+00
2.5583333333333336e-01	0.0000000000000000e+00	9.7321608769255075e-01	2.6783912307470924e-02	0.0000000000000000e+00
2.5750000000000001e-01	0.0000000000000000e+00	9.7336526621466612e-01	2.6634733785355479e-02	0.0000000000000000e+00
2.5916666666666666e-01	0.0000000000000000e+00	9.7352128097395574e-01	2.6478719026066043e-02	0.0000000000000000e+00
2.6083333333333336e-01	0.0000000000000000e+00	9.7368404676122555e-01	2.6315953238796399e-02	0.0000000000000000e+00
2.6250000000000001e-01	0.0000000000000000e+00	9.7385347468013284e-01	2.6146525319889157e-02	0.0000000000000000e+00
2.6416666666666666e-01	0.0000000000000000e+00	9.7402947219573821e-01	2.5970527804284119e-02	0.0000000000000000e+00
2.6583333333333337e-01	0.0000000000000000e+00	9.7421194318504301e-01	2.5788056814979365e-02	0.0000000000000000e+00
2.6750000000000002e-01	0.0000000000000000e+00	9.7440078798949015e-01	2.5599212010532533e-02	0.0000000000000000e+00
2.6916666666666667e-01	0.0000000000000000e+00	9.7459590346939162e-01	2.5404096530631172e-02	0.0000000000000000e+00
2.7083333333333337e-01	0.0000000000000000e+00	9.7479718306026109e-01	2.5202816939761896e-02	0.0000000000000000e+00
2.7250000000000002e-01	0.0000000000000000e+00	9.7500451683101419e-01	2.4995483169008910e-02	0.0000000000000000e+00
2.7416666666666667e-01	0.0000000000000000e+00	9.7521779154400934e-01	2.4782208456014101e-02	0.0000000000000000e+00
2.7583333333333337e-01	0.0000000000000000e+00	9.7543689071689244e-01	2.4563109283130970e-02	0.0000000000000000e+00
2.7750000000000002e-01	0.0000000000000000e+00	9.7566169468621733e-01	2.4338305313806440e-02	0.0000000000000000e+00
2.7916666666666667e-01	0.0000000000000000e+00	9.7589208067279842e-01	2.4107919327225339e-02	0.0000000000000000e+00
2.8083333333333332e-01	0.0000000000000000e+00	9.7612792284877059e-01	2.3872077151253290e-02	0.0000000000000000e+00
2.8250000000000003e-01	0.0000000000000000e+00	9.7636909240630965e-01	2.3630907593714282e-02	0.0000000000000000e+00
2.8416666666666668e-01	0.0000000000000000e+00	9.7661545762798296e-01	2.3384542372041007e-02	0.0000000000000000e+00
2.8583333333333333e-01	0.0000000000000000e+00	9.7686688395868815e-01	2.3133116041335815e-02	0.0000000000000000e+00
2.8750000000000003e-01	0.0000000000000000e+00	9.7712323407914214e-01	2.2876765920881930e-02	0.0000000000000000e+00
2.8916666666666668e-01	0.0000000000000000e+00	9.7738436798087913e-01	2.2615632019145043e-02	0.0000000000000000e+00
2.9083333333333333e-01	0.0000000000000000e+00	9.7765014304271836e-01	2.2349856957306156e-02	0.0000000000000000e+00
2.9250000000000004e-01	0.0000000000000000e+00	9.7792041410865704e-01	2.2079585891367388e-02	0.0000000000000000e+00
2.9416666666666669e-01	0.0000000000000000e+00	9.7819503356715121e-01	2.1804966432873465e-02	0.0000000000000000e+00
2.9583333333333334e-01	0.0000000000000000e+00	9.7847385143173271e-01	2.1526148568291974e-02	0.0000000000000000e+00
2.9750000000000004e-01	0.0000000000000000e+00	9.7875671542292819e-01	2.1243284577096656e-02	0.0000000000000000e+00
2.9916666666666669e-01	0.0000000000000000e+00	9.7904347105142697e-01	2.0956528948598219e-02	0.0000000000000000e+00
3.0083333333333334e-01	0.0000000000000000e+00	9.7933396170245668e-01	2.0666038297568336e-02	0.0000000000000000e+00
3.0250000000000005e-01	0.0000000000000000e+00	9.7962802872132271e-01	2.0371971278702661e-02	0.0000000000000000e+00
3.0416666666666670e-01	0.0000000000000000e+00	9.7992551150005558e-01	2.0074488499969963e-02	0.0000000000000000e+00
3.0583333333333335e-01	0.0000000000000000e+00	9.8022624756513155e-01	1.9773752434894116e-02	0.0000000000000000e+00
3.0750000000000000e-01	0.0000000000000000e+00	9.8053007266620806e-01	1.9469927333817499e-02	0.0000000000000000e+00
3.0916666666666670e-01	0.0000000000000000e+00	9.8083682086583168e-01	1.9163179134193832e-02	0.0000000000000000e+00
3.1083333333333335e-01	0.0000000000000000e+00	9.8114632463006624e-01	1.8853675369959549e-02	0.0000000000000000e+00
3.1250000000000000e-01	0.0000000000000000e+00	9.8145841491999253e-01	1.8541585080033323e-02	0.0000000000000000e+00
3.1416666666666671e-01	0.0000000000000000e+00	9.8177292128403237e-01	1.8227078715993536e-02	0.0000000000000000e+00
3.1583333333333335e-01	0.0000000000000000e+00	9.8208967195104180e-01	1.7910328048984327e-02	0.0000000000000000e+00
3.1750000000000000e-01	0.0000000000000000e+00	9.8240849392412566e-01	1.7591506075900796e-02	0.0000000000000000e+00
3.1916666666666671e-01	0.0000000000000000e+00	9.8272921307512151e-01	1.7270786924904847e-02	0.0000000000000000e+00
3.2083333333333336e-01	0.0000000000000000e+00	9.8305165423970331e-01	1.6948345760323235e-02	0.0000000000000000e+00
3.2250000000000001e-01	0.0000000000000000e+00	9.8337564131304722e-01	1.6624358686979479e-02	0.0000000000000000e+00
3.2416666666666671e-01	0.0000000000000000e+00	9.8370099734601435e-01	1.6299002654012445e-02	0.0000000000000000e+00
3.2583333333333336e-01	0.0000000000000000e+00	9.8402754464179365e-01	1.5972455358233419e-02	0.0000000000000000e+00
3.2750000000000001e-01	0.0000000000000000e+00	9.8435510485295208e-01	1.5644895147075129e-02	0.0000000000000000e+00
3.2916666666666666e-01	0.0000000000000000e+00	9.8468349907884223e-01	1.5316500921185276e-02	0.0000000000000000e+00
3.3083333333333337e-01	0.0000000000000000e+00	9.8501254796330961e-01	1.4987452036718000e-02	0.0000000000000000e+00
3.3250000000000002e-01	0.0000000000000000e+00	9.8534207179265121e-01	1.4657928207376481e-02	0.0000000000000000e+00
3.3416666666666667e-01	0.0000000000000000e+00	9.8567189059376747e-01	1.4328109406260298e-02	0.0000000000000000e+00
3.3583333333333337e-01	0.0000000000000000e+00	9.8600182423245686e-01	1.3998175767571164e-02	0.0000000000000000e+00
3.3750000000000002e-01	0.0000000000000000e+00	9.8633169251179742e-01	1.3668307488230608e-02	0.0000000000000000e+00
3.3916666666666667e-01	0.0000000000000000e+00	9.8666131527056500e-01	1.3338684729463403e-02	0.0000000000000000e+00
3.4083333333333338e-01	0.0000000000000000e+00	9.8699051248162784e-01	1.3009487518400550e-02	0.0000000000000000e+00
3.4250000000000003e-01	0.0000000000000000e+00	9.8731910435027292e-01	1.2680895649755454e-02	0.0000000000000000e+00
3.4416666666666668e-01	0.0000000000000000e+00	9.8764691141240146e-01	1.2353088587627035e-02	0.0000000000000000e+00
3.4583333333333338e-01	0.0000000000000000e+00	9.8797375463254544e-01	1.2026245367483396e-02	0.0000000000000000e+00
3.4750000000000003e-01	0.0000000000000000e+00	9.8829945550164922e-01	1.1700544498379642e-02	0.0000000000000000e+00
3.4916666666666668e-01	0.0000000000000000e+00	9.8862383613456606e-01	1.1376163865463180e-02	0.0000000000000000e+00
3.5083333333333333e-01	0.0000000000000000e+00	9.8894671936720968e-01	1.1053280632819728e-02	0.0000000000000000e+00
3.5250000000000004e-01	0.0000000000000000e+00	9.8926792885331627e-01	1.0732071146713245e-02	0.0000000000000000e+00
3.5416666666666669e-01	0.0000000000000000e+00	9.8958728916075689e-01	1.0412710839272421e-02	0.0000000000000000e+00
3.5583333333333333e-01	0.0000000000000000e+00	9.8990462586735317e-01	1.0095374132676478e-02	0.0000000000000000e+00
3.5750000000000004e-01	0.0000000000000000e+00	9.9021976565613745e-01	9.7802343438925347e-03	0.0000000000000000e+00
3.5916666666666669e-01	0.0000000000000000e+00	9.9053253641001338e-01	9.4674635900166924e-03	0.0000000000000000e+00
3.6083333333333334e-01	0.0000000000000000e+00	9.9084276730575971e-01	9.1572326942702710e-03	0.0000000000000000e+00
3.6250000000000004e-01	0.0000000000000000e+00	9.9115028890732726e-01	8.8497110927028902e-03	0.0000000000000000e+00
3.6416666666666669e-01	0.0000000000000000e+00	9.9145493325837730e-01	8.5450667416530589e-03	0.0000000000000000e+00
3.6583333333333334e-01	0.0000000000000000e+00	9.9175653397401353e-01	8.2434660260169695e-03	0.0000000000000000e+00
3.6750000000000005e-01	0.0000000000000000e+00	9.9205492633165493e-01	7.9450736683755047e-03	0.0000000000000000e+00
3.6916666666666670e-01	0.0000000000000000e+00	9.9234994736100146e-01	7.6500526390291838e-03	0.0000000000000000e+00
3.7083333333333335e-01	0.0000000000000000e+00	9.9264143593304066e-01	7.3585640669901441e-03	0.0000000000000000e+00
3.7250000000000000e-01	0.0000000000000000e+00	9.9292923284805124e-01	7.0707671519797443e-03	0.0000000000000000e+00
3.7416666666666670e-01	0.0000000000000000e+00	9.9321318092255106e-01	6.7868190774798172e-03	0.0000000000000000e+00
3.7583333333333335e-01	0.0000000000000000e+00	9.9349312507514587e-01	6.5068749248852155e-03	0.0000000000000000e+00
3.7750000000000000e-01	0.0000000000000000e+00	9.9376891241122678e-01	6.2310875888043704e-03	0.0000000000000000e+00
3.7916666666666671e-01	0.0000000000000000e+00	9.9404039230647712e-01	5.9596076935542058e-03	0.0000000000000000e+00
3.8083333333333336e-01	0.0000000000000000e+00	9.9430741648913645e-01	5.6925835108949975e-03	0.0000000000000000e+00
3.8250000000000001e-01	0.0000000000000000e+00	9.9456983912098140e-01	5.4301608790500756e-03	0.0000000000000000e+00
3.8416666666666671e-01	0.0000000000000000e+00	9.9482751687697679e-01	5.1724831230547091e-03	0.0000000000000000e+00
3.8583333333333336e-01	0.0000000000000000e+00	9.9508030902355427e-01	4.9196909764774770e-03	0.0000000000000000e+00
3.8750000000000001e-01	0.0000000000000000e+00	9.9532807749547447e-01	4.6719225045571498e-03	0.0000000000000000e+00
3.8916666666666672e-01	0.0000000000000000e+00	9.9557068697123530e-01	4.4293130287967573e-03	0.0000000000000000e+00
3.9083333333333337e-01	0.0000000000000000e+00	9.9580800494697563e-01	4.1919950530562881e-03	0.0000000000000000e+00
3.9250000000000002e-01	0.0000000000000000e+00	9.9603990180884794e-01	3.9600981911842173e-03	0.0000000000000000e+00
3.9416666666666667e-01	0.0000000000000000e+00	9.9626625090380483e-01	3.7337490962274689e-03	0.0000000000000000e+00
3.9583333333333337e-01	0.0000000000000000e+00	9.9648692860877397e-01	3.5130713912584106e-03	0.0000000000000000e+00
3.9750000000000002e-01	0.0000000000000000e+00	9.9670181439817584e-01	3.2981856018568182e-03	0.0000000000000000e+00
3.9916666666666667e-01	0.0000000000000000e+00	9.9691079090974932e-01	3.0892090902834173e-03	0.0000000000000000e+00
4.0083333333333337e-01	0.0000000000000000e+00	9.9711374400865149e-01	2.8862559913812214e-03	0.0000000000000000e+00
4.0250000000000002e-01	0.0000000000000000e+00	9.9731056284979347e-01	2.6894371502395012e-03	0.0000000000000000e+00
4.0416666666666667e-01	0.0000000000000000e+00	9.9750113993837841e-01	2.4988600616545290e-03	0.0000000000000000e+00
4.0583333333333338e-01	0.0000000000000000e+00	9.9768537118861300e-01	2.3146288114200713e-03	0.0000000000000000e+00
4.0750000000000003e-01	0.0000000000000000e+00	9.9786315598055364e-01	2.1368440194798098e-03	0.0000000000000000e+00
4.0916666666666668e-01	0.0000000000000000e+00	9.9803439721506093e-01	1.9656027849726085e-03	0.0000000000000000e+00
4.1083333333333338e-01	0.0000000000000000e+00	9.9819900136683282e-01	1.8009986332007683e-03	0.0000000000000000e+00
4.1250000000000003e-01	0.0000000000000000e+00	9.9835687853548383e-01	1.6431214645501251e-03	0.0000000000000000e+00
4.1416666666666668e-01	0.0000000000000000e+00	9.9850794249464403e-01	1.4920575053899644e-03	0.0000000000000000e+00
4.1583333333333333e-01	0.0000000000000000e+00	9.9865211073905469e-01	1.3478892609795291e-03	0.0000000000000000e+00
4.1750000000000004e-01	0.0000000000000000e+00	9.9878930452962733e-01	1.2106954704068609e-03	0.0000000000000000e+00
4.1916666666666669e-01	0.0000000000000000e+00	9.9891944893644979e-01	1.0805510635845683e-03	0.0000000000000000e+00
4.2083333333333334e-01	0.0000000000000000e+00	9.9904247287970860e-01	9.5752712032602519e-04	0.0000000000000000e+00
4.2250000000000004e-01	0.0000000000000000e+00	9.9915830916851034e-01	8.4169083152433233e-04	0.0000000000000000e+00
4.2416666666666669e-01	0.0000000000000000e+00	9.9926689453757978e-01	7.3310546245527249e-04	0.0000000000000000e+00
4.2583333333333334e-01	0.0000000000000000e+00	9.9936816968181097e-01	6.3183031822428503e-04	0.0000000000000000e+00
4.2750000000000005e-01	0.0000000000000000e+00	9.9946207928865927e-01	5.3792071137630259e-04	0.0000000000000000e+00
4.2916666666666670e-01	0.0000000000000000e+00	9.9954857206834957e-01	4.5142793168621642e-04	0.0000000000000000e+00
4.3083333333333335e-01	0.0000000000000000e+00	9.9962760078188939e-01	3.7239921814637540e-04	0.0000000000000000e+00
4.3250000000000005e-01	0.0000000000000000e+00	9.9969912226686941e-01	3.0087773316649389e-04	0.0000000000000000e+00
4.3416666666666670e-01	0.0000000000000000e+00	9.9976309746103631e-01	2.3690253900002245e-04	0.0000000000000000e+00
4.3583333333333335e-01	0.0000000000000000e+00	9.9981949142362647e-01	1.8050857640986248e-04	0.0000000000000000e+00
4.3750000000000006e-01	0.0000000000000000e+00	9.9986827335445139e-01	1.3172664558508060e-04	0.0000000000000000e+00
4.3916666666666671e-01	0.0000000000000000e+00	9.9990941661071753e-01	9.0583389319043864e-05	0.0000000000000000e+00
4.4083333333333335e-01	0.0000000000000000e+00	9.9994289872157849e-01	5.7101278458162501e-05	0.0000000000000000e+00
4.4250000000000000e-01	0.0000000000000000e+00	9.9996870140040783e-01	3.1298599629188300e-05	0.0000000000000000e+00
4.4416666666666671e-01	0.0000000000000000e+00	9.9998681055478522e-01	1.3189445251767197e-05	0.0000000000000000e+00
4.4583333333333336e-01	0.0000000000000000e+00	9.9999721629419536e-01	2.7837058417109720e-06	0.0000000000000000e+00
4.4750000000000001e-01	0.0000000000000000e+00	9.9999991293542811e-01	8.7064609180486432e-08	0.0000000000000000e+00
4.4916666666666671e-01	0.0000000000000000e+00	9.9999489900568261e-01	5.1009943547379821e-06	0.0000000000000000e+00
4.5083333333333336e-01	0.0000000000000000e+00	9.9998217724337257e-01	1.7822756664960509e-05	0.0000000000000000e+00
4.5250000000000001e-01	0.0000000000000000e+00	9.9996175459662962e-01	3.8245403408054808e-05	0.0000000000000000e+00
4.5416666666666672e-01	0.0000000000000000e+00	9.9993364221950920e-01	6.6357780528656710e-05	0.0000000000000000e+00
4.5583333333333337e-01	0.0000000000000000e+00	9.9989785546589816e-01	1.0214453413974230e-04	0.0000000000000000e+00
4.5750000000000002e-01	0.0000000000000000e+00	9.9985441388112983e-01	1.4558611890832393e-04	0.0000000000000000e+00
4.5916666666666672e-01	0.0000000000000000e+00	9.9980334119130776e-01	1.9665880873035089e-04	0.0000000000000000e+00
4.6083333333333337e-01	0.0000000000000000e+00	9.9974466529034933e-01	2.5533470968898474e-04	0.0000000000000000e+00
4.6250000000000002e-01	0.0000000000000000e+00	9.9967841822474934e-01	3.2158177528917215e-04	0.0000000000000000e+00
4.6416666666666667e-01	0.0000000000000000e+00	9.9960463617607853e-01	3.9536382396019237e-04	0.0000000000000000e+00
4.6583333333333338e-01	0.0000000000000000e+00	9.9952335944122239e-01	4.7664055881662721e-04	0.0000000000000000e+00
4.6750000000000003e-01	0.0000000000000000e+00	9.9943463241037200e-01	5.6536758966694905e-04	0.0000000000000000e+00
4.6916666666666668e-01	0.0000000000000000e+00	9.9933850354278153e-01	6.6149645725772010e-04	0.0000000000000000e+00
4.7083333333333338e-01	0.0000000000000000e+00	9.9923502534029940e-01	7.6497465974015007e-04	0.0000000000000000e+00
4.7250000000000003e-01	0.0000000000000000e+00	9.9912425431869512e-01	8.7574568134456501e-04	0.0000000000000000e+00
4.7416666666666668e-01	0.0000000000000000e+00	9.9900625097679274e-01	9.9374902324712074e-04	0.0000000000000000e+00
4.7583333333333339e-01	0.0000000000000000e+00	9.9888107976342799e-01	1.1189202366119106e-03	0.0000000000000000e+00
4.7750000000000004e-01	0.0000000000000000e+00	9.9874880904224961e-01	1.2511909577904096e-03	0.0000000000000000e+00
4.7916666666666669e-01	0.0000000000000000e+00	9.9860951105438123e-01	1.3904889456590435e-03	0.0000000000000000e+00
4.8083333333333339e-01	0.0000000000000000e+00	9.9846326187896617e-01	1.5367381210744807e-03	0.0000000000000000e+00
4.8250000000000004e-01	0.0000000000000000e+00	9.9831014139161534e-01	1.6898586084250925e-03	0.0000000000000000e+00
4.8416666666666669e-01	0.0000000000000000e+00	9.9815023322078478e-01	1.8497667792559233e-03	0.0000000000000000e+00
4.8583333333333334e-01	0.0000000000000000e+00	9.9798362470209778e-01	2.0163752979432967e-03	0.0000000000000000e+00
4.8750000000000004e-01	0.0000000000000000e+00	9.9781040683064703e-01	2.1895931693941134e-03	0.0000000000000000e+00
4.8916666666666669e-01	0.0000000000000000e+00	9.9763067421129725e-01	2.3693257887438474e-03	0.0000000000000000e+00
4.9083333333333334e-01	0.0000000000000000e+00	9.9744452500701541e-01	2.5554749930260627e-03	0.0000000000000000e+00
4.9250000000000005e-01	0.0000000000000000e+00	9.9725206088525631e-01	2.7479391147851736e-03	0.0000000000000000e+00
4.9416666666666670e-01	0.0000000000000000e+00	9.9705338696243839e-01	2.9466130376032797e-03	0.0000000000000000e+00
4.9583333333333335e-01	0.0000000000000000e+00	9.9684861174653139e-01	3.1513882535106554e-03	0.0000000000000000e+00
4.9750000000000005e-01	0.0000000000000000e+00	9.9663784707779335e-01	3.3621529222485841e-03	0.0000000000000000e+00
4.9916666666666670e-01	0.0000000000000000e+00	9.9642120806769008e-01	3.5787919323521608e-03	0.0000000000000000e+00
5.0083333333333335e-01	0.0000000000000000e+00	9.9619881303602276e-01	3.8011869640196768e-03	0.0000000000000000e+00
5.0250000000000006e-01	0.0000000000000000e+00	9.9597078344630818e-01	4.0292165537343253e-03	0.0000000000000000e+00
5.0416666666666665e-01	0.0000000000000000e+00	9.9573724383943996e-01	4.2627561606028447e-03	0.0000000000000000e+00
5.0583333333333336e-01	0.0000000000000000e+00	9.9549832176566810e-01	4.5016782343748887e-03	0.0000000000000000e+00
5.0750000000000006e-01	0.0000000000000000e+00	9.9525414771493714e-01	4.7458522851060421e-03	0.0000000000000000e+00
5.0916666666666666e-01	0.0000000000000000e+00	9.9500485504561709e-01	4.9951449544263097e-03	0.0000000000000000e+00
5.1083333333333336e-01	0.0000000000000000e+00	9.9475057991166804e-01	5.2494200883753117e-03	0.0000000000000000e+00
5.1250000000000007e-01	0.0000000000000000e+00	9.9449146118827936e-01	5.5085388117642811e-03	0.0000000000000000e+00
5.1416666666666666e-01	0.0000000000000000e+00	9.9422764039601930e-01	5.7723596040242390e-03	0.0000000000000000e+00
5.1583333333333337e-01	0.0000000000000000e+00	9.9395926162354453e-01	6.0407383764991265e-03	0.0000000000000000e+00
5.1750000000000007e-01	0.0000000000000000e+00	9.9368647144890254e-01	6.3135285511413067e-03	0.0000000000000000e+00
5.1916666666666667e-01	0.0000000000000000e+00	9.9340941885947709e-01	6.5905811405668679e-03	0.0000000000000000e+00
5.2083333333333337e-01	0.0000000000000000e+00	9.9312825517061720e-01	6.8717448294267226e-03	0.0000000000000000e+00
5.2250000000000008e-01	0.0000000000000000e+00	9.9284313394299517e-01	7.1568660570491627e-03	0.0000000000000000e+00
5.2416666666666667e-01	0.0000000000000000e+00	9.9255421089873552e-01	7.4457891013087378e-03	0.0000000000000000e+00
5.2583333333333337e-01	0.0000000000000000e+00	9.9226164383636895e-01	7.7383561636755714e-03	0.0000000000000000e+00
5.2750000000000008e-01	0.0000000000000000e+00	9.9196559254464567e-01	8.0344074553988891e-03	0.0000000000000000e+00
5.2916666666666667e-01	0.0000000000000000e+00	9.9166621871526739e-01	8.3337812847772818e-03	0.0000000000000000e+00
5.3083333333333338e-01	0.0000000000000000e+00	9.9136368585457646e-01	8.6363141454685391e-03	0.0000000000000000e+00
5.3250000000000008e-01	0.0000000000000000e+00	9.9105815919425455e-01	8.9418408057904061e-03	0.0000000000000000e+00
5.3416666666666668e-01	0.0000000000000000e+00	9.9074980560108150e-01	9.2501943989636865e-03	0.0000000000000000e+00
5.3583333333333338e-01	0.0000000000000000e+00	9.9043879348579700e-01	9.5612065142484156e-03	0.0000000000000000e+00
5.3750000000000009e-01	0.0000000000000000e+00	9.9012529271112215e-01	9.8747072889232585e-03	0.0000000000000000e+00
5.3916666666666668e-01	0.0000000000000000e+00	9.8980947449898771e-01	1.0190525501057908e-02	0.0000000000000000e+00
5.4083333333333339e-01	0.0000000000000000e+00	9.8949151133701774e-01	1.0508488663027820e-02	0.0000000000000000e+00
5.4249999999999998e-01	0.0000000000000000e+00	9.8917157688432555e-01	1.0828423115720317e-02	0.0000000000000000e+00
5.4416666666666669e-01	0.0000000000000000e+00	9.8884984587666558e-01	1.1150154123380343e-02	0.0000000000000000e+00
5.4583333333333339e-01	0.0000000000000000e+00	9.8852649403100146e-01	1.1473505969044459e-02	0.0000000000000000e+00
5.4749999999999999e-01	0.0000000000000000e+00	9.8820169794953561e-01	1.1798302050510488e-02	0.0000000000000000e+00
5.4916666666666669e-01	0.0000000000000000e+00	9.8787563502325526e-01	1.2124364976790843e-02	0.0000000000000000e+00
5.5083333333333340e-01	0.0000000000000000e+00	9.8754848333504963e-01	1.2451516664996606e-02	0.0000000000000000e+00
5.5249999999999999e-01	0.0000000000000000e+00	9.8722042156244716e-01	1.2779578437599427e-02	0.0000000000000000e+00
5.5416666666666670e-01	0.0000000000000000e+00	9.8689162888002846e-01	1.3108371120018170e-02	0.0000000000000000e+00
5.5583333333333340e-01	0.0000000000000000e+00	9.8656228486156949e-01	1.3437715138477297e-02	0.0000000000000000e+00
5.5750000000000000e-01	0.0000000000000000e+00	9.8623256938196402e-01	1.3767430618082926e-02	0.0000000000000000e+00
5.5916666666666670e-01	0.0000000000000000e+00	9.8590266251898362e-01	1.4097337481063541e-02	0.0000000000000000e+00
5.6083333333333341e-01	0.0000000000000000e+00	9.8557274445492582e-01	1.4427255545121467e-02	0.0000000000000000e+00
5.6250000000000000e-01	0.0000000000000000e+00	9.8524299537820603e-01	1.4757004621841431e-02	0.0000000000000000e+00
5.6416666666666671e-01	0.0000000000000000e+00	9.8491359538494505e-01	1.5086404615102481e-02	0.0000000000000000e+00
5.6583333333333341e-01	0.0000000000000000e+00	9.8458472438060829e-01	1.5415275619439471e-02	0.0000000000000000e+00
5.6750000000000000e-01	0.0000000000000000e+00	9.8425656198174738e-01	1.5743438018300433e-02	0.0000000000000000e+00
5.6916666666666671e-01	0.0000000000000000e+00	9.8392928741790164e-01	1.6070712582146159e-02	0.0000000000000000e+00
5.7083333333333341e-01	0.0000000000000000e+00	9.8360307943370962e-01	1.6396920566338388e-02	0.0000000000000000e+00
5.7250000000000001e-01	0.0000000000000000e+00	9.8327811619128513e-01	1.6721883808763171e-02	0.0000000000000000e+00
5.7416666666666671e-01	0.0000000000000000e+00	9.8295457517291240e-01	1.7045424827136117e-02	0.0000000000000000e+00
5.7583333333333342e-01	0.0000000000000000e+00	9.8263263308411231e-01	1.7367366915936305e-02	0.0000000000000000e+00
5.7750000000000001e-01	0.0000000000000000e+00	9.8231246575713282e-01	1.7687534242915946e-02	0.0000000000000000e+00
