8.3333333333333339e-04	1.0702509751083066e-25	9.9999614469073494e-01	3.8553092646954970e-06	1.0315391137106346e-31
2.5000000000000001e-03	4.2809487026171468e-25	9.9998458086856179e-01	1.5419131438804074e-05	1.6502877479481729e-30
4.1666666666666666e-03	9.6319276131972701e-25	9.9996531484918927e-01	3.4685150812399865e-05	8.3532439780253720e-30
5.8333333333333336e-03	1.7122911838319894e-24	9.9993835715496759e-01	6.1642845035003320e-05	2.6394516271512947e-29
7.5000000000000006e-03	2.6753515330670709e-24	9.9990372250914084e-01	9.6277490862481250e-05	6.4421390573043252e-29
9.1666666666666667e-03	3.8523242032540527e-24	9.9986142982780546e-01	1.3857017219830905e-04	1.3353775394074339e-28
1.0833333333333334e-02	5.2431486092000570e-24	9.9981150220957926e-01	1.8849779042480775e-04	2.4729358059035047e-28
1.2500000000000001e-02	6.8477532126783002e-24	9.9975396692298490e-01	2.4603307701870900e-04	4.2167210637328035e-28
1.4166666666666668e-02	8.6660555535453727e-24	9.9968885539156005e-01	3.1114460844416464e-04	6.7507470490065656e-28
1.5833333333333335e-02	1.0697962285601002e-23	9.9961620317668909e-01	3.8379682331505480e-04	1.0283034801794547e-27
1.7500000000000002e-02	1.2943369217100738e-23	9.9953604995818635e-01	4.6395004181724306e-04	1.5045415926423963e-27
1.9166666666666669e-02	1.5402161355976607e-23	9.9944843951262441e-01	5.5156048738013797e-04	2.1293313370458967e-27
2.0833333333333336e-02	1.8074212959667237e-23	9.9935341968941849e-01	6.4658031058575742e-04	2.9305499927455602e-27
2.2500000000000003e-02	2.0959387589517803e-23	9.9925104238470297e-01	7.4895761530222515e-04	3.9383834684129552e-27
2.4166666666666670e-02	2.4057538169801170e-23	9.9914136351297800e-01	8.5863648702740319e-04	5.1852977649894758e-27
2.5833333333333337e-02	2.7368507051199636e-23	9.9902444297657911e-01	9.7555702342724013e-04	6.7060082826777066e-27
2.7500000000000000e-02	3.0892126078789633e-23	9.9890034463295418e-01	1.0996553670520827e-03	8.5374469989941075e-27
2.9166666666666667e-02	3.4628216664468524e-23	9.9876913625979413e-01	1.2308637402131269e-03	1.0718727547255680e-26
3.0833333333333334e-02	3.8576589863743949e-23	9.9863088951800671e-01	1.3691104819999738e-03	1.3291108225641349e-26
3.2500000000000001e-02	4.2737046456907756e-23	9.9848567991258663e-01	1.5143200874190039e-03	1.6297952969309648e-26
3.4166666666666672e-02	4.7109377034392199e-23	9.9833358675137429e-01	1.6664132486313087e-03	1.9784690319445565e-26
3.5833333333333335e-02	5.1693362086421400e-23	9.9817469310173890e-01	1.8253068982675091e-03	2.3798770424749948e-26
3.7500000000000006e-02	5.6488772096896837e-23	9.9800908574520963e-01	1.9909142547959247e-03	2.8389620111482313e-26
3.9166666666666669e-02	6.1495367641335521e-23	9.9783685513008680e-01	2.1631448699193168e-03	3.3608596061738396e-26
4.0833333333333333e-02	6.6712899488695411e-23	9.9765809532203287e-01	2.3419046779741574e-03	3.9508936138616699e-26
4.2500000000000003e-02	7.2141108707766850e-23	9.9747290395270116e-01	2.5270960473057092e-03	4.6145708900505978e-26
4.4166666666666667e-02	7.7779726776554945e-23	9.9728138216641649e-01	2.7186178335905798e-03	5.3575761346491845e-26
4.5833333333333337e-02	8.3628475696358759e-23	9.9708363456492932e-01	2.9163654350778585e-03	6.1857664937465099e-26
4.7500000000000001e-02	8.9687068109191063e-23	9.9687976915028831e-01	3.1202308497184994e-03	7.1051659937752566e-26
4.9166666666666671e-02	9.5955207419026864e-23	9.9666989726585531e-01	3.3301027341518545e-03	8.1219598125038222e-26
5.0833333333333335e-02	1.0243258791717215e-22	9.9645413353548962e-01	3.5458664645170806e-03	9.2424883914111177e-26
5.2500000000000005e-02	1.0911889490992180e-22	9.9623259580095114e-01	3.7674041990562353e-03	1.0473241394734488e-25
5.4166666666666669e-02	1.1601380485092083e-22	9.9600540505753299e-01	3.9945949424748540e-03	1.1820851519809862e-25
5.5833333333333339e-02	1.2311698547700008e-22	9.9577268538798369e-01	4.2273146120248946e-03	1.3292088164082474e-25
5.7500000000000002e-02	1.3042809594616797e-22	9.9553456389473571e-01	4.4654361052738961e-03	1.4893850954064639e-25
5.9166666666666673e-02	1.3794678697955891e-22	9.9529117063048755e-01	4.7088293695233584e-03	1.6633163141405601e-25
6.0833333333333336e-02	1.4567270100740176e-22	9.9504263852717190e-01	4.9573614728385109e-03	1.8517164871692743e-25
6.2500000000000000e-02	1.5360547231629058e-22	9.9478910332335979e-01	5.2108966766505295e-03	2.0553106331421383e-25
6.4166666666666677e-02	1.6174472720162444e-22	9.9453070349011918e-01	5.4692965098917471e-03	2.2748340778904932e-25
6.5833333333333341e-02	1.7009008411947027e-22	9.9426758015538963e-01	5.7324198446230250e-03	2.5110317464682480e-25
6.7500000000000004e-02	1.7864115384527477e-22	9.9399987702690196e-01	6.0001229731124353e-03	2.7646574447369009e-25
6.9166666666666668e-02	1.8739753963417708e-22	9.9372774031369193e-01	6.2722596863228324e-03	3.0364731310681868e-25
7.0833333333333331e-02	1.9635883738125341e-22	9.9345131864625025e-01	6.5486813537655435e-03	3.3272481787801536e-25
7.2500000000000009e-02	2.0552463578680497e-22	9.9317076299533991e-01	6.8292370046765093e-03	3.6377586298944476e-25
7.4166666666666672e-02	2.1489451652585008e-22	9.9288622658954573e-01	7.1137734104707237e-03	3.9687864408192967e-25
7.5833333333333336e-02	2.2446805441531056e-22	9.9259786483158652e-01	7.4021351684296285e-03	4.3211187205951959e-25
7.7499999999999999e-02	2.3424481758615145e-22	9.9230583521344018e-01	7.6941647865761496e-03	4.6955469622875764e-25
7.9166666666666677e-02	2.4422436765833731e-22	9.9201029723032585e-01	7.9897027696905886e-03	5.0928662681953728e-25
8.0833333333333340e-02	2.5440625991652408e-22	9.9171141229359616e-01	8.2885877064207709e-03	5.5138745694600746e-25
8.2500000000000004e-02	2.6479004348845034e-22	9.9140934364257793e-01	8.5906563574386259e-03	5.9593718407373663e-25
8.4166666666666667e-02	2.7537526152491979e-22	9.9110425625542176e-01	8.8957437445951783e-03	6.4301593105671345e-25
8.5833333333333345e-02	2.8616145138067766e-22	9.9079631675899227e-01	9.2036832410251155e-03	6.9270386680588395e-25
8.7500000000000008e-02	2.9714814479901952e-22	9.9048569333786507e-01	9.5143066621520347e-03	7.4508112665569484e-25
8.9166666666666672e-02	3.0833486809655983e-22	9.9017255564247220e-01	9.8274443575442280e-03	8.0022773249196743e-25
9.0833333333333335e-02	3.1972114234586378e-22	9.8985707469644690e-01	1.0142925303571179e-02	8.5822351270727843e-25
9.2500000000000013e-02	3.3130648357071093e-22	9.8953942280320850e-01	1.0460577196809996e-02	9.1914802204382829e-25
9.4166666666666676e-02	3.4309040292965426e-22	9.8921977345186796e-01	1.0780226548150827e-02	9.8308046139355948e-25
9.5833333333333340e-02	3.5507240690723436e-22	9.8889830122247013e-01	1.1101698777549948e-02	1.0500995976203374e-24
9.7500000000000003e-02	3.6725199750956904e-22	9.8857518169064185e-01	1.1424818309378448e-02	1.1202836834620947e-24
9.9166666666666667e-02	3.7962867244578694e-22	9.8825059133170579e-01	1.1749408668315012e-02	1.1937103775875206e-24
1.0083333333333334e-01	3.9220192533189574e-22	9.8792470742429128e-01	1.2075292575729691e-02	1.2704566648615353e-24
1.0250000000000001e-01	4.0497124588215081e-22	9.8759770795351398e-01	1.2402292046506672e-02	1.3505987768914229e-24
1.0416666666666667e-01	4.1793612010026866e-22	9.8726977151376882e-01	1.2730228486252848e-02	1.4342121129150582e-24
1.0583333333333333e-01	4.3109603048034510e-22	9.8694107721118274e-01	1.3058922788839048e-02	1.5213711610906331e-24
1.0750000000000001e-01	4.4445045619347081e-22	9.8661180456580055e-01	1.3388195434220956e-02	1.6121494202613295e-24
1.0916666666666668e-01	4.5799887328993157e-22	9.8628213341353743e-01	1.3717866586485923e-02	1.7066193222464583e-24
1.1083333333333334e-01	4.7174075489855143e-22	9.8595224380794988e-01	1.4047756192072195e-02	1.8048521547276332e-24
1.1250000000000000e-01	4.8567557141567560e-22	9.8562231592191496e-01	1.4377684078107505e-02	1.9069179847956337e-24
1.1416666666666668e-01	4.9980279070712591e-22	9.8529252994921079e-01	1.4707470050812195e-02	2.0128855832091458e-24
1.1583333333333334e-01	5.1412187829771357e-22	9.8496306600611050e-01	1.5036933993914160e-02	2.1228223494360677e-24
1.1750000000000001e-01	5.2863229757336579e-22	9.8463410403300344e-01	1.5365895967021308e-02	2.2367942375347523e-24
1.1916666666666667e-01	5.4333350997659578e-22	9.8430582369612762e-01	1.5694176303898081e-02	2.3548656829301544e-24
1.2083333333333333e-01	5.5822497520043005e-22	9.8397840428943384e-01	1.6021595710592106e-02	2.4770995301519140e-24
1.2250000000000001e-01	5.7330615138730106e-22	9.8365202463666845e-01	1.6347975363357595e-02	2.6035569615886513e-24
1.2416666666666668e-01	5.8857649531635257e-22	9.8332686299370398e-01	1.6673137006321902e-02	2.7342974273137480e-24
1.2583333333333335e-01	6.0403546260087729e-22	9.8300309695118404e-01	1.6996903048841973e-02	2.8693785760448138e-24
1.2750000000000000e-01	6.1968250788792867e-22	9.8268090333752756e-01	1.7319096662497455e-02	3.0088561872881898e-24
1.2916666666666668e-01	6.3551708503849526e-22	9.8236045812235706e-01	1.7639541877667489e-02	3.1527841047256247e-24
1.3083333333333333e-01	6.5153864733398707e-22	9.8204193632038628e-01	1.7958063679638456e-02	3.3012141708951725e-24
1.3250000000000001e-01	6.6774664764688605e-22	9.8172551189583501e-01	1.8274488104190162e-02	3.4541961632259549e-24
1.3416666666666668e-01	6.8414053865781881e-22	9.8141135766741738e-01	1.8588642332608499e-02	3.6117777314653677e-24
1.3583333333333333e-01	7.0071977301720776e-22	9.8109964521395476e-01	1.8900354786072094e-02	3.7740043365675434e-24
1.3750000000000001e-01	7.1748380354643708e-22	9.8079054478066485e-01	1.9209455219362122e-02	3.9409191910786605e-24
1.3916666666666669e-01	7.3443208342143138e-22	9.8048422518618439e-01	1.9515774813843621e-02	4.1125632010728470e-24
1.4083333333333334e-01	7.5156406635561066e-22	9.8018085373036101e-01	1.9819146269667586e-02	4.2889749096902043e-24
1.4250000000000002e-01	7.6887920678710230e-22	9.7988059610288591e-01	2.0119403897143760e-02	4.4701904423167536e-24
1.4416666666666667e-01	7.8637696005013233e-22	9.7958361629279622e-01	2.0416383707233643e-02	4.6562434534576170e-24
1.4583333333333334e-01	8.0405678256917962e-22	9.7929007649891386e-01	2.0709923501115300e-02	4.8471650753438903e-24
1.4750000000000002e-01	8.2191813201862854e-22	9.7900013704125877e-01	2.0999862958769811e-02	5.0429838683172431e-24
1.4916666666666667e-01	8.3996046751934170e-22	9.7871395627348667e-01	2.1286043726541932e-02	5.2437257730308481e-24
1.5083333333333335e-01	8.5818324979509504e-22	9.7843169049640277e-01	2.1568309503626554e-02	5.4494140645183513e-24
1.5250000000000000e-01	8.7658594134751900e-22	9.7815349387259454e-01	2.1846506127434127e-02	5.6600693081509614e-24
1.5416666666666667e-01	8.9516800664941019e-22	9.7787951834223941e-01	2.2120481657788574e-02	5.8757093175371819e-24
1.5583333333333335e-01	9.1392891228138175e-22	9.7760991354011739e-01	2.2390086459910800e-02	6.0963491143928888e-24
1.5750000000000000e-01	9.3286812710955580e-22	9.7734482671388456e-01	2.2655173286143419e-02	6.3220008904178389e-24
1.5916666666666668e-01	9.5198512245121859e-22	9.7708440264365659e-01	2.2915597356371900e-02	6.5526739712118501e-24
1.6083333333333336e-01	9.7127937224220978e-22	9.7682878356293101e-01	2.3171216437097606e-02	6.7883747822650588e-24
1.6250000000000001e-01	9.9075035317589596e-22	9.7657810908090836e-01	2.3421890919120187e-02	7.0291068170484925e-24
1.6416666666666668e-01	1.0103975448970319e-21	9.7633251610624106e-01	2.3667483893786995e-02	7.2748706072346380e-24
1.6583333333333333e-01	1.0302204301031648e-21	9.7609213877226153e-01	2.3907861227766985e-02	7.5256636950806682e-24
1.6750000000000001e-01	1.0502184947361080e-21	9.7585710836371942e-01	2.4142891636309189e-02	7.7814806079929285e-24
1.6916666666666669e-01	1.0703912281323169e-21	9.7562755324508310e-01	2.4372446754945404e-02	8.0423128352971008e-24
1.7083333333333334e-01	1.0907381231295366e-21	9.7540359879043115e-01	2.4596401209597763e-02	8.3081488072487165e-24
1.7250000000000001e-01	1.1112586762643097e-21	9.7518536731497674e-01	2.4814632685053292e-02	8.5789738762810530e-24
1.7416666666666666e-01	1.1319523878649273e-21	9.7497297800826332e-01	2.5027021991767602e-02	8.8547703005408248e-24
1.7583333333333334e-01	1.1528187622265701e-21	9.7476654686906938e-01	2.5233453130961706e-02	9.1355172297021639e-24
1.7750000000000002e-01	1.1738573077185850e-21	9.7456618664205463e-01	2.5433813357976082e-02	9.4211906930902926e-24
1.7916666666666667e-01	1.1950675369455787e-21	9.7437200675618385e-01	2.5627993243847146e-02	9.7117635901243759e-24
1.8083333333333335e-01	1.2164489668281640e-21	9.7418411326495769e-01	2.5815886735073346e-02	1.0007205683098209e-23
1.8250000000000002e-01	1.2380011187834618e-21	9.7400260878849387e-01	2.5997391211537497e-02	1.0307483592296382e-23
1.8416666666666667e-01	1.2597235188247074e-21	9.7382759245747830e-01	2.6172407542553740e-02	1.0612560793476990e-23
1.8583333333333335e-01	1.2816156976718687e-21	9.7365915985902296e-01	2.6340840141008744e-02	1.0922397617704220e-23
1.8750000000000000e-01	1.3036771908898511e-21	9.7349740298446386e-01	2.6502597015568164e-02	1.1236951253560866e-23
1.8916666666666668e-01	1.3259075389940203e-21	9.7334241017911394e-01	2.6657589820918069e-02	1.1556175751726582e-23
1.9083333333333335e-01	1.3483062875613683e-21	9.7319426609401571e-01	2.6805733906016316e-02	1.1880022031939777e-23
1.9250000000000000e-01	1.3708729873081960e-21	9.7305305163970723e-01	2.6946948360325317e-02	1.2208437892333092e-23
1.9416666666666668e-01	1.3936071942642344e-21	9.7291884394203165e-01	2.7081156058002348e-02	1.2541368021146524e-23
1.9583333333333336e-01	1.4165084697971530e-21	9.7279171630001104e-01	2.7208283700022463e-02	1.2878754010822014e-23
1.9750000000000001e-01	1.4395763807613965e-21	9.7267173814582164e-01	2.7328261854212062e-02	1.3220534374465674e-23
1.9916666666666669e-01	1.4628104996088442e-21	9.7255897500686372e-01	2.7441024993169392e-02	1.3566644564678780e-23
2.0083333333333334e-01	1.4862104044011555e-21	9.7245348846997914e-01	2.7546511530053726e-02	1.3917016994753621e-23
2.0250000000000001e-01	1.5097756789663077e-21	9.7235533614781355e-01	2.7644663852221283e-02	1.4271581062218473e-23
2.0416666666666669e-01	1.5335059129577390e-21	9.7226457164734292e-01	2.7735428352690973e-02	1.4630263174720499e-23
2.0583333333333334e-01	1.5574007019723606e-21	9.7218124454061172e-01	2.7818755459422723e-02	1.4992986778252191e-23
2.0750000000000002e-01	1.5814596475734360e-21	9.7210540033764359e-01	2.7894599662391689e-02	1.5359672387683195e-23
2.0916666666666667e-01	1.6056823573891796e-21	9.7203708046159065e-01	2.7962919538443803e-02	1.5730237619599101e-23
2.1083333333333334e-01	1.6300684452055222e-21	9.7197632222611452e-01	2.8023677773920074e-02	1.6104597227429893e-23
2.1250000000000002e-01	1.6546175309964642e-21	9.7192315881499969e-01	2.8076841185035263e-02	1.6482663138843326e-23
2.1416666666666667e-01	1.6793292410373659e-21	9.7187761926403249e-01	2.8122380736001849e-02	1.6864344495382921e-23
2.1583333333333335e-01	1.7042032079228277e-21	9.7183972844514610e-01	2.8160271554888257e-02	1.7249547694346342e-23
2.1750000000000003e-01	1.7292390706245521e-21	9.7180950705283109e-01	2.8190492947202866e-02	1.7638176432858063e-23
2.1916666666666668e-01	1.7544364746017330e-21	9.7178697159283789e-01	2.8213028407196642e-02	1.8030131754122590e-23
2.2083333333333335e-01	1.7797950717929433e-21	9.7177213437315701e-01	2.8227865626877759e-02	1.8425312095839860e-23
2.2250000000000000e-01	1.8053145206636977e-21	9.7176500349730099e-01	2.8234996502733839e-02	1.8823613340746701e-23
2.2416666666666668e-01	1.8309944863246830e-21	9.7176558285987646e-01	2.8234417140157880e-02	1.9224928869252254e-23
2.2583333333333336e-01	1.8568346404963243e-21	9.7177387214445865e-01	2.8226127855575180e-02	1.9629149614153062e-23
2.2750000000000001e-01	1.8828346616022481e-21	9.7178986682376278e-01	2.8210133176270632e-02	2.0036164117373731e-23
2.2916666666666669e-01	1.9089942347117152e-21	9.7181355816211767e-01	2.8186441837915931e-02	2.0445858588729136e-23
2.3083333333333333e-01	1.9353130517346504e-21	9.7184493322023591e-01	2.8155066779798722e-02	2.0858116966640528e-23
2.3250000000000001e-01	1.9617908112869424e-21	9.7188397486227918e-01	2.8116025137755414e-02	2.1272820980799625e-23
2.3416666666666669e-01	1.9884272188067747e-21	9.7193066176522269e-01	2.8069338234812509e-02	2.1689850216729096e-23
2.3583333333333334e-01	2.0152219865566048e-21	9.7198496843049476e-01	2.8015031569540584e-02	2.2109082182198242e-23
2.3750000000000002e-01	2.0421748336484457e-21	9.7204686519790806e-01	2.7953134802128216e-02	2.2530392375466647e-23
2.3916666666666669e-01	2.0692854860198374e-21	9.7211631826185441e-01	2.7883681738182342e-02	2.2953654355304970e-23
2.4083333333333334e-01	2.0965536765284854e-21	9.7219328968977214e-01	2.7806710310265291e-02	2.3378739812755391e-23
2.4250000000000002e-01	2.1239791448937047e-21	9.7227773744285950e-01	2.7722262557177413e-02	2.3805518644585248e-23
2.4416666666666667e-01	2.1515616377514804e-21	9.7236961539903977e-01	2.7630384600997079e-02	2.4233859028392788e-23
2.4583333333333335e-01	2.1793009086103529e-21	9.7246887337814580e-01	2.7531126621890518e-02	2.4663627499325269e-23
2.4750000000000003e-01	2.2071967178770439e-21	9.7257545716933136e-01	2.7424542830705653e-02	2.5094689028344674e-23
2.4916666666666668e-01	2.2352488328551843e-21	9.7268930856067259e-01	2.7310691439363828e-02	2.5526907102016519e-23
2.5083333333333335e-01	2.2634570277745370e-21	9.7281036537096910e-01	2.7189634629067049e-02	2.5960143803746178e-23
2.5250000000000000e-01	2.2918210837184077e-21	9.7293856148369939e-01	2.7061438516336907e-02	2.6394259896450434e-23
2.5416666666666671e-01	2.3203407886531330e-21	9.7307382688313171e-01	2.6926173116904359e-02	2.6829114906571398e-23
2.5583333333333336e-01	2.3490159374303816e-21	9.7321608769256651e-01	2.6783912307469779e-02	2.7264567209412278e-23
2.5750000000000001e-01	2.3778463317440735e-21	9.7336526621468211e-01	2.6634733785354373e-02	2.7700474115729476e-23
2.5916666666666666e-01	2.4068317800990695e-21	9.7352128097397173e-01	2.6478719026064967e-02	2.8136691959527571e-23
2.6083333333333336e-01	2.4359720978463622e-21	9.7368404676124176e-01	2.6315953238795365e-02	2.8573076187005662e-23
2.6250000000000001e-01	2.4652671071193909e-21	9.7385347468014771e-01	2.6146525319888061e-02	2.9009481446602004e-23
2.6416666666666666e-01	2.4947166368143193e-21	9.7402947219575331e-01	2.5970527804283081e-02	2.9445761680073764e-23
2.6583333333333337e-01	2.5243205225328615e-21	9.7421194318505766e-01	2.5788056814978366e-02	2.9881770214562051e-23
2.6750000000000002e-01	2.5540786066267053e-21	9.7440078798950502e-01	2.5599212010531548e-02	3.0317359855586960e-23
2.6916666666666667e-01	2.5839907381053061e-21	9.7459590346940739e-01	2.5404096530630190e-02	3.0752382980900385e-23
2.7083333333333337e-01	2.6140567726709584e-21	9.7479718306027663e-01	2.5202816939760866e-02	3.1186691635152919e-23
2.7250000000000002e-01	2.6442765725570299e-21	9.7500451683103018e-01	2.4995483169007907e-02	3.1620137625314087e-23
2.7416666666666667e-01	2.6746500065975046e-21	9.7521779154402488e-01	2.4782208456013140e-02	3.2052572616772451e-23
2.7583333333333337e-01	2.7051769501062910e-21	9.7543689071690720e-01	2.4563109283129967e-02	3.2483848230074598e-23
2.7750000000000002e-01	2.7358572849561201e-21	9.7566169468623287e-01	2.4338305313805444e-02	3.2913816138226295e-23
2.7916666666666667e-01	2.7666908994025599e-21	9.7589208067281308e-01	2.4107919327224305e-02	3.3342328164500694e-23
2.8083333333333332e-01	2.7976776881539227e-21	9.7612792284878569e-01	2.3872077151252266e-02	3.3769236380691991e-23
2.8250000000000003e-01	2.8288175521332329e-21	9.7636909240632441e-01	2.3630907593713300e-02	3.4194393205756792e-23
2.8416666666666668e-01	2.8601103986598785e-21	9.7661545762799862e-01	2.3384542372040063e-02	3.4617651504761605e-23
2.8583333333333333e-01	2.8915561412949862e-21	9.7686688395870447e-01	2.3133116041334903e-02	3.5038864688103485e-23
2.8750000000000003e-01	2.9231546996782098e-21	9.7712323407915813e-01	2.2876765920881007e-02	3.5457886810914657e-23
2.8916666666666668e-01	2.9549059996957538e-21	9.7738436798089601e-01	2.2615632019144183e-02	3.5874572672597551e-23
2.9083333333333333e-01	2.9868099732344555e-21	9.7765014304273523e-01	2.2349856957305327e-02	3.6288777916432198e-23
2.9250000000000004e-01	3.0188665582504597e-21	9.7792041410867392e-01	2.2079585891366604e-02	3.6700359129179870e-23
2.9416666666666669e-01	3.0510756985684200e-21	9.7819503356716808e-01	2.1804966432872663e-02	3.7109173940629343e-23
2.9583333333333334e-01	3.0834373439800954e-21	9.7847385143175092e-01	2.1526148568291201e-02	3.7515081123017191e-23
2.9750000000000004e-01	3.1159514500086599e-21	9.7875671542294662e-01	2.1243284577095872e-02	3.7917940690260423e-23
2.9916666666666669e-01	3.1486179780675484e-21	9.7904347105144540e-01	2.0956528948597432e-02	3.8317613996927050e-23
3.0083333333333334e-01	3.1814368951709320e-21	9.7933396170247533e-01	2.0666038297567538e-02	3.8713963836904695e-23
3.0250000000000005e-01	3.2144081739830039e-21	9.7962802872134114e-01	2.0371971278701894e-02	3.9106854541671929e-23
3.0416666666666670e-01	3.2475317927524922e-21	9.7992551150007334e-01	2.0074488499969199e-02	3.9496152078132337e-23
3.0583333333333335e-01	3.2808077351923606e-21	9.8022624756514931e-01	1.9773752434893349e-02	3.9881724145935803e-23
3.0750000000000000e-01	3.3142359904928526e-21	9.8053007266622561e-01	1.9469927333816740e-02	4.0263440274231281e-23
3.0916666666666670e-01	3.3478165531049172e-21	9.8083682086584867e-01	1.9163179134193041e-02	4.0641171917776067e-23
3.1083333333333335e-01	3.3815494228362668e-21	9.8114632463008311e-01	1.8853675369958765e-02	4.1014792552351966e-23
3.1250000000000000e-01	3.4154346047286742e-21	9.8145841492001040e-01	1.8541585080032539e-02	4.1384177769412221e-23
3.1416666666666671e-01	3.4494721088766714e-21	9.8177292128405091e-01	1.8227078715992773e-02	4.1749205369909985e-23
3.1583333333333335e-01	3.4836619504613055e-21	9.8208967195106012e-01	1.7910328048983560e-02	4.2109755457234309e-23
3.1750000000000000e-01	3.5180041497446920e-21	9.8240849392414453e-01	1.7591506075900022e-02	4.2465710529197055e-23
3.1916666666666671e-01	3.5524987318068119e-21	9.8272921307514027e-01	1.7270786924904087e-02	4.2816955569009429e-23
3.2083333333333336e-01	3.5871457266507793e-21	9.8305165423972152e-01	1.6948345760322513e-02	4.3163378135189259e-23
3.2250000000000001e-01	3.6219451689912548e-21	9.8337564131306454e-01	1.6624358686978778e-02	4.3504868450331785e-23
3.2416666666666671e-01	3.6568970982484660e-21	9.8370099734603089e-01	1.6299002654011737e-02	4.3841319488689028e-23
3.2583333333333336e-01	3.6920015584725940e-21	9.8402754464180953e-01	1.5972455358232732e-02	4.4172627062500232e-23
3.2750000000000001e-01	3.7272585982564500e-21	9.8435510485296840e-01	1.5644895147074449e-02	4.4498689907007808e-23
3.2916666666666666e-01	3.7626682706616271e-21	9.8468349907885788e-01	1.5316500921184615e-02	4.4819409764106224e-23
3.3083333333333337e-01	3.7982306331171738e-21	9.8501254796332527e-01	1.4987452036717376e-02	4.5134691464565926e-23
3.3250000000000002e-01	3.8339457474540620e-21	9.8534207179266708e-01	1.4657928207375853e-02	4.5444443008770888e-23
3.3416666666666667e-01	3.8698136796736829e-21	9.8567189059378379e-01	1.4328109406259695e-02	4.5748575645918899e-23
3.3583333333333337e-01	3.9058344999553824e-21	9.8600182423247318e-01	1.3998175767570569e-02	4.6047003951631460e-23
3.3750000000000002e-01	3.9420082825965858e-21	9.8633169251181374e-01	1.3668307488230053e-02	4.6339645903906921e-23
3.3916666666666667e-01	3.9783351059256818e-21	9.8666131527058176e-01	1.3338684729462881e-02	4.6626422957375857e-23
3.4083333333333338e-01	4.0148150521777259e-21	9.8699051248164538e-01	1.3009487518400071e-02	4.6907260115799865e-23
3.4250000000000003e-01	4.0514482074831722e-21	9.8731910435028902e-01	1.2680895649754942e-02	4.7182086002764581e-23
3.4416666666666668e-01	4.0882346617451115e-21	9.8764691141241845e-01	1.2353088587626520e-02	4.7450832930513728e-23
3.4583333333333338e-01	4.1251745086962580e-21	9.8797375463256198e-01	1.2026245367482886e-02	4.7713436966871768e-23
3.4750000000000003e-01	4.1622678456194852e-21	9.8829945550166554e-01	1.1700544498379135e-02	4.7969838000212744e-23
3.4916666666666668e-01	4.1995147734322840e-21	9.8862383613458260e-01	1.1376163865462668e-02	4.8219979802425119e-23
3.5083333333333333e-01	4.2369153965791947e-21	9.8894671936722578e-01	1.1053280632819218e-02	4.8463810089818269e-23
3.5250000000000004e-01	4.2744698229349027e-21	9.8926792885333237e-01	1.0732071146712742e-02	4.8701280581937489e-23
3.5416666666666669e-01	4.3121781637899410e-21	9.8958728916077388e-01	1.0412710839271925e-02	4.8932347058228822e-23
3.5583333333333333e-01	4.3500405336871047e-21	9.8990462586737138e-01	1.0095374132676017e-02	4.9156969412525432e-23
3.5750000000000004e-01	4.3880570504514685e-21	9.9021976565615577e-01	9.7802343438921011e-03	4.9375111705296438e-23
3.5916666666666669e-01	4.4262278350970230e-21	9.9053253641003169e-01	9.4674635900162552e-03	4.9586742213629154e-23
3.6083333333333334e-01	4.4645530117344478e-21	9.9084276730577836e-01	9.1572326942698512e-03	4.9791833478901817e-23
3.6250000000000004e-01	4.5030327075497542e-21	9.9115028890734513e-01	8.8497110927024808e-03	4.9990362352101856e-23
3.6416666666666669e-01	4.5416670527002401e-21	9.9145493325839584e-01	8.5450667416526651e-03	5.0182310036759849e-23
3.6583333333333334e-01	4.5804561802806156e-21	9.9175653397403074e-01	8.2434660260165705e-03	5.0367662129458165e-23
3.6750000000000005e-01	4.6194002262652852e-21	9.9205492633167214e-01	7.9450736683750953e-03	5.0546408657880638e-23
3.6916666666666670e-01	4.6584993294781735e-21	9.9234994736101867e-01	7.6500526390287761e-03	5.0718544116370261e-23
3.7083333333333335e-01	4.6977536314050507e-21	9.9264143593305798e-01	7.3585640669897442e-03	5.0884067498960211e-23
3.7250000000000000e-01	4.7371632763424189e-21	9.9292923284806756e-01	7.0707671519793375e-03	5.1042982329846497e-23
3.7416666666666670e-01	4.7767284111382021e-21	9.9321318092256816e-01	6.7868190774794035e-03	5.1195296691279354e-23
3.7583333333333335e-01	4.8164491853154564e-21	9.9349312507516230e-01	6.5068749248848061e-03	5.1341023248835083e-23
3.7750000000000000e-01	4.8563257509195402e-21	9.9376891241124343e-01	6.2310875888039845e-03	5.1480179274048256e-23
3.7916666666666671e-01	4.8963582624670433e-21	9.9404039230649321e-01	5.9596076935538268e-03	5.1612786664377535e-23
3.8083333333333336e-01	4.9365468769589547e-21	9.9430741648915155e-01	5.6925835108946124e-03	5.1738871960477937e-23
3.8250000000000001e-01	4.9768917537423117e-21	9.9456983912099672e-01	5.4301608790497053e-03	5.1858466360762590e-23
3.8416666666666671e-01	5.0173930546207444e-21	9.9482751687699233e-01	5.1724831230543474e-03	5.1971605733228037e-23
3.8583333333333336e-01	5.0580509435789084e-21	9.9508030902356925e-01	4.9196909764771344e-03	5.2078330624525869e-23
3.8750000000000001e-01	5.0988655869903518e-21	9.9532807749548935e-01	4.6719225045568202e-03	5.2178686266260805e-23
3.8916666666666672e-01	5.1398371533913121e-21	9.9557068697124906e-01	4.4293130287964399e-03	5.2272722578502799e-23
3.9083333333333337e-01	5.1809658136316763e-21	9.9580800494698984e-01	4.1919950530559897e-03	5.2360494170491999e-23
3.9250000000000002e-01	5.2222517406358965e-21	9.9603990180886326e-01	3.9600981911839415e-03	5.2442060338530000e-23
3.9416666666666667e-01	5.2636951093663086e-21	9.9626625090381893e-01	3.7337490962271892e-03	5.2517485061040442e-23
3.9583333333333337e-01	5.3052960970160525e-21	9.9648692860878829e-01	3.5130713912581483e-03	5.2586836990790434e-23
3.9750000000000002e-01	5.3470548828831233e-21	9.9670181439819050e-01	3.2981856018565584e-03	5.2650189444263678e-23
3.9916666666666667e-01	5.3889716481512095e-21	9.9691079090976364e-01	3.0892090902831628e-03	5.2707620388182252e-23
4.0083333333333337e-01	5.4310465761514181e-21	9.9711374400866681e-01	2.8862559913809781e-03	5.2759212423164361e-23
4.0250000000000002e-01	5.4732798522284883e-21	9.9731056284980746e-01	2.6894371502392696e-03	5.2805052764519164e-23
4.0416666666666667e-01	5.5156716635540946e-21	9.9750113993839107e-01	2.4988600616543078e-03	5.2845233220177798e-23
4.0583333333333338e-01	5.5582221993683523e-21	9.9768537118862632e-01	2.3146288114198679e-03	5.2879850165754584e-23
4.0750000000000003e-01	5.6009316507821518e-21	9.9786315598056807e-01	2.1368440194796264e-03	5.2909004516745369e-23
4.0916666666666668e-01	5.6438002108436624e-21	9.9803439721507559e-01	1.9656027849724381e-03	5.2932801697860908e-23
4.1083333333333338e-01	5.6868280745576483e-21	9.9819900136684769e-01	1.8009986332006077e-03	5.2951351609504019e-23
4.1250000000000003e-01	5.7300154387410107e-21	9.9835687853549759e-01	1.6431214645499720e-03	5.2964768591394628e-23
4.1416666666666668e-01	5.7733625020969222e-21	9.9850794249465724e-01	1.4920575053898274e-03	5.2973171383348901e-23
4.1583333333333333e-01	5.8168694653411116e-21	9.9865211073906823e-01	1.3478892609794042e-03	5.2976683083222370e-23
4.1750000000000004e-01	5.8605365308604464e-21	9.9878930452964032e-01	1.2106954704067499e-03	5.2975431102033433e-23
4.1916666666666669e-01	5.9043639030468818e-21	9.9891944893646156e-01	1.0805510635844666e-03	5.2969547116272310e-23
4.2083333333333334e-01	5.9483517880757531e-21	9.9904247287972081e-01	9.5752712032592870e-04	5.2959167017413151e-23
4.2250000000000004e-01	5.9925003940778251e-21	9.9915830916852344e-01	8.4169083152424266e-04	5.2944430858647095e-23
4.2416666666666669e-01	6.0368099309352314e-21	9.9926689453759221e-01	7.3310546245519248e-04	5.2925482798850050e-23
4.2583333333333334e-01	6.0812806105289652e-21	9.9936816968182318e-01	6.3183031822420968e-04	5.2902471043810544e-23
4.2750000000000005e-01	6.1259126464864419e-21	9.9946207928866970e-01	5.3792071137623667e-04	5.2875547784729774e-23
4.2916666666666670e-01	6.1707062545360766e-21	9.9954857206835934e-01	4.5142793168615684e-04	5.2844869134026309e-23
4.3083333333333335e-01	6.2156616521216200e-21	9.9962760078189961e-01	3.7239921814632683e-04	5.2810595058462905e-23
4.3250000000000005e-01	6.2607790587269223e-21	9.9969912226687963e-01	3.0087773316645383e-04	5.2772889309623369e-23
4.3416666666666670e-01	6.3060586955944811e-21	9.9976309746104630e-01	2.3690253899998848e-04	5.2731919351768123e-23
4.3583333333333335e-01	6.3515007860930947e-21	9.9981949142363757e-01	1.8050857640983578e-04	5.2687856287097606e-23
4.3750000000000006e-01	6.3971055555448682e-21	9.9986827335446293e-01	1.3172664558505959e-04	5.2640874778451334e-23
4.3916666666666671e-01	6.4428732311405535e-21	9.9990941661072974e-01	9.0583389319027520e-05	5.2591152969479695e-23
4.4083333333333335e-01	6.4888040421912839e-21	9.9994289872158981e-01	5.7101278458151144e-05	5.2538872402317673e-23
4.4250000000000000e-01	6.5348982199780262e-21	9.9996870140042049e-01	3.1298599629180528e-05	5.2484217932800746e-23
4.4416666666666671e-01	6.5811559980268127e-21	9.9998681055479788e-01	1.3189445251762792e-05	5.2427377643255888e-23
4.4583333333333336e-01	6.6275776116405705e-21	9.9999721629420779e-01	2.7837058417091940e-06	5.2368542752910495e-23
4.4750000000000001e-01	6.6741632984989692e-21	9.9999991293543944e-01	8.7064609180751064e-08	5.2307907525955365e-23
4.4916666666666671e-01	6.7209132983877559e-21	9.9999489900569372e-01	5.1009943547396940e-06	5.2245669177306560e-23
4.5083333333333336e-01	6.7678278532707525e-21	9.9998217724338412e-01	1.7822756664963183e-05	5.2182027776108009e-23
4.5250000000000001e-01	6.8149072073246706e-21	9.9996175459664183e-01	3.8245403408058075e-05	5.2117186147019692e-23
4.5416666666666672e-01	6.8621516070138308e-21	9.9993364221952097e-01	6.6357780528659990e-05	5.2051349769339831e-23
4.5583333333333337e-01	6.9095613011109487e-21	9.9989785546591015e-01	1.0214453413974493e-04	5.1984726674004870e-23
4.5750000000000002e-01	6.9571365407222176e-21	9.9985441388114205e-01	1.4558611890832531e-04	5.1917527338519405e-23
4.5916666666666672e-01	7.0048775793655131e-21	9.9980334119132108e-01	1.9665880873035040e-04	5.1849964579866196e-23
4.6083333333333337e-01	7.0527846730154110e-21	9.9974466529036154e-01	2.5533470968898170e-04	5.1782253445447206e-23
4.6250000000000002e-01	7.1008580801495140e-21	9.9967841822476156e-01	3.2158177528916542e-04	5.1714611102109921e-23
4.6416666666666667e-01	7.1490980616877825e-21	9.9960463617609019e-01	3.9536382396018245e-04	5.1647256723315133e-23
4.6583333333333338e-01	7.1975048812227071e-21	9.9952335944123438e-01	4.7664055881661252e-04	5.1580411374496888e-23
4.6750000000000003e-01	7.2460788049432150e-21	9.9943463241038488e-01	5.6536758966693008e-04	5.1514297896680146e-23
4.6916666666666668e-01	7.2948201016868712e-21	9.9933850354279530e-01	6.6149645725769636e-04	5.1449140788407541e-23
4.7083333333333338e-01	7.3437290431205179e-21	9.9923502534031294e-01	7.6497465974012090e-04	5.1385166086038699e-23
4.7250000000000003e-01	7.3928059036304011e-21	9.9912425431870799e-01	8.7574568134452706e-04	5.1322601242483316e-23
4.7416666666666668e-01	7.4420509604526288e-21	9.9900625097680629e-01	9.9374902324707672e-04	5.1261675004428980e-23
4.7583333333333339e-01	7.4914644937655850e-21	9.9888107976344198e-01	1.1189202366118573e-03	5.1202617288128020e-23
4.7750000000000004e-01	7.5410467867112238e-21	9.9874880904226337e-01	1.2511909577903458e-03	5.1145659053808593e-23
4.7916666666666669e-01	7.5907981254735521e-21	9.9860951105439388e-01	1.3904889456589689e-03	5.1091032178776033e-23
4.8083333333333339e-01	7.6407187992840721e-21	9.9846326187897860e-01	1.5367381210743946e-03	5.1038969329268276e-23
4.8250000000000004e-01	7.6908091004826391e-21	9.9831014139162799e-01	1.6898586084249973e-03	5.0989703831138133e-23
4.8416666666666669e-01	7.7410693247623421e-21	9.9815023322079721e-01	1.8497667792558212e-03	5.0943469539428885e-23
4.8583333333333334e-01	7.7914997709038231e-21	9.9798362470210988e-01	2.0163752979431783e-03	5.0900500706911815e-23
4.8750000000000004e-01	7.8421007410952495e-21	9.9781040683065958e-01	2.1895931693939790e-03	5.0861031851660022e-23
4.8916666666666669e-01	7.8928725409943906e-21	9.9763067421131124e-01	2.3693257887437051e-03	5.0825297623727374e-23
4.9083333333333334e-01	7.9438154797595240e-21	9.9744452500702807e-01	2.5554749930259070e-03	5.0793532671006766e-23
4.9250000000000005e-01	7.9949298698596704e-21	9.9725206088526874e-01	2.7479391147849997e-03	5.0765971504343614e-23
4.9416666666666670e-01	8.0462160275224337e-21	9.9705338696245016e-01	2.9466130376030919e-03	5.0742848361973124e-23
4.9583333333333335e-01	8.0976742726908840e-21	9.9684861174654360e-01	3.1513882535104546e-03	5.0724397073363119e-23
4.9750000000000005e-01	8.1493049288744789e-21	9.9663784707780623e-01	3.3621529222483712e-03	5.0710850922533473e-23
4.9916666666666670e-01	8.2011083234320324e-21	9.9642120806770251e-01	3.5787919323519157e-03	5.0702442510932419e-23
5.0083333333333335e-01	8.2530847876933248e-21	9.9619881303603619e-01	3.8011869640194209e-03	5.0699403619945934e-23
5.0250000000000006e-01	8.3052346568478732e-21	9.9597078344632128e-01	4.0292165537340555e-03	5.0701965073116584e-23
5.0416666666666665e-01	8.3575582700823555e-21	9.9573724383945350e-01	4.2627561606025603e-03	5.0710356598153059e-23
5.0583333333333336e-01	8.4100559706507156e-21	9.9549832176568265e-01	4.5016782343746007e-03	5.0724806688808190e-23
5.0750000000000006e-01	8.4627281059394287e-21	9.9525414771495180e-01	4.7458522851057247e-03	5.0745542466705125e-23
5.0916666666666666e-01	8.5155750276079492e-21	9.9500485504563063e-01	4.9951449544259601e-03	5.0772789543192365e-23
5.1083333333333336e-01	8.5685970915127575e-21	9.9475057991168181e-01	5.2494200883749439e-03	5.0806771881310046e-23
5.1250000000000007e-01	8.6217946578631099e-21	9.9449146118829357e-01	5.5085388117638795e-03	5.0847711657942282e-23
5.1416666666666666e-01	8.6751680913230577e-21	9.9422764039603417e-01	5.7723596040238278e-03	5.0895829126243654e-23
5.1583333333333337e-01	8.7287177608659174e-21	9.9395926162355919e-01	6.0407383764986737e-03	5.0951342478421697e-23
5.1750000000000007e-01	8.7824440402622804e-21	9.9368647144891720e-01	6.3135285511408323e-03	5.1014467708948128e-23
5.1916666666666667e-01	8.8363473077044475e-21	9.9340941885949197e-01	6.5905811405663787e-03	5.1085418478293010e-23
5.2083333333333337e-01	8.8904279460834633e-21	9.9312825517063275e-01	6.8717448294262186e-03	5.1164405977256725e-23
5.2250000000000008e-01	8.9446863430501595e-21	9.9284313394300994e-01	7.1568660570486388e-03	5.1251638791982093e-23
5.2416666666666667e-01	8.9991228910091196e-21	9.9255421089874896e-01	7.4457891013081576e-03	5.1347322769734531e-23
5.2583333333333337e-01	9.0537379872846594e-21	9.9226164383638260e-01	7.7383561636749955e-03	5.1451660885526194e-23
5.2750000000000008e-01	9.1085320340770483e-21	9.9196559254465944e-01	8.0344074553982906e-03	5.1564853109670401e-23
5.2916666666666667e-01	9.1635054384533055e-21	9.9166621871528093e-01	8.3337812847766608e-03	5.1687096276349369e-23
5.3083333333333338e-01	9.2186586127152645e-21	9.9136368585458945e-01	8.6363141454679042e-03	5.1818583953272362e-23
5.3250000000000008e-01	9.2739919741473294e-21	9.9105815919426810e-01	8.9418408057897556e-03	5.1959506312516753e-23
5.3416666666666668e-01	9.3295059452427563e-21	9.9074980560109538e-01	9.2501943989630100e-03	5.2110050002618962e-23
5.3583333333333338e-01	9.3852009535553672e-21	9.9043879348581199e-01	9.5612065142477130e-03	5.2270398022013653e-23
5.3750000000000009e-01	9.4410774320890604e-21	9.9012529271113681e-01	9.8747072889225455e-03	5.2440729593888556e-23
5.3916666666666668e-01	9.4971358189797585e-21	9.8980947449900181e-01	1.0190525501057153e-02	5.2621220042542370e-23
5.4083333333333339e-01	9.5533765577789182e-21	9.8949151133703284e-01	1.0508488663027058e-02	5.2812040671330134e-23
5.4249999999999998e-01	9.6098000974676082e-21	9.8917157688434099e-01	1.0828423115719512e-02	5.3013358642264921e-23
5.4416666666666669e-01	9.6664068925024678e-21	9.8884984587668034e-01	1.1150154123379514e-02	5.3225336857369483e-23
5.4583333333333339e-01	9.7231974027931785e-21	9.8852649403101756e-01	1.1473505969043611e-02	5.3448133841843928e-23
5.4749999999999999e-01	9.7801720937776319e-21	9.8820169794955071e-01	1.1798302050509578e-02	5.3681903629137345e-23
5.4916666666666669e-01	9.8373314364458269e-21	9.8787563502327091e-01	1.2124364976789924e-02	5.3926795647997944e-23
5.5083333333333340e-01	9.8946759074742056e-21	9.8754848333506506e-01	1.2451516664995639e-02	5.4182954611575990e-23
5.5249999999999999e-01	9.9522059891319078e-21	9.8722042156246259e-01	1.2779578437598384e-02	5.4450520408662544e-23
5.5416666666666670e-01	1.0009922169378722e-20	9.8689162888004445e-01	1.3108371120017141e-02	5.4729627997132630e-23
5.5583333333333340e-01	1.0067824941941608e-20	9.8656228486158581e-01	1.3437715138476278e-02	5.5020407299674161e-23
5.5750000000000000e-01	1.0125914806218133e-20	9.8623256938198078e-01	1.3767430618081869e-02	5.5322983101869819e-23
5.5916666666666670e-01	1.0184192267395957e-20	9.8590266251899972e-01	1.4097337481062447e-02	5.5637474952712047e-23
5.6083333333333341e-01	1.0242657836475228e-20	9.8557274445494258e-01	1.4427255545120359e-02	5.5963997067616141e-23
5.6250000000000000e-01	1.0301312030258045e-20	9.8524299537822291e-01	1.4757004621840293e-02	5.6302658234008460e-23
5.6416666666666671e-01	1.0360155371304607e-20	9.8491359538496270e-01	1.5086404615101318e-02	5.6653561719556352e-23
5.6583333333333341e-01	1.0419188388070729e-20	9.8458472438062627e-01	1.5415275619438305e-02	5.7016805183106759e-23
5.6750000000000000e-01	1.0478411614918634e-20	9.8425656198176481e-01	1.5743438018299260e-02	5.7392480588406421e-23
5.6916666666666671e-01	1.0537825592123137e-20	9.8392928741791996e-01	1.6070712582144969e-02	5.7780674120663798e-23
5.7083333333333341e-01	1.0597430865552475e-20	9.8360307943372749e-01	1.6396920566337122e-02	5.8181466106027328e-23
5.7250000000000001e-01	1.0657227987262475e-20	9.8327811619130145e-01	1.6721883808761835e-02	5.8594930934028284e-23
5.7416666666666671e-01	1.0717217514994384e-20	9.8295457517292961e-01	1.7045424827134774e-02	5.9021136983069727e-23
5.7583333333333342e-01	1.0777400012463199e-20	9.8263263308412918e-01	1.7367366915934924e-02	5.9460146549000814e-23
5.7750000000000001e-01	1.0837776049176558e-20	9.8231246575714914e-01	1.7687534242914506e-02	5.9912015776860022e-23
