9.9999999999999995e-07	7.8750121609151761e-05	9.9968449728702868e-01	2.1153152719220760e-07	7.8904400856297878e-05	6.2818152043038557e-09	7.8844646590351959e-05	1.7219110436818879e-11	6.2231530363046739e-09	8.1291943449098956e-09	7.8758911798346848e-05	1.9954760752978848e-11	6.2163862866369840e-09	6.9804798190161525e-13	6.2116785033859660e-09	1.6200738597616153e-15	4.9028347745137619e-13
3.0000000000000001e-06	3.1253183766421935e-04	9.9874435117002991e-01	9.1682449816493530e-07	3.1499081012446390e-04	9.8741377321177094e-08	3.1403691161333057e-04	2.9687555787086511e-10	9.9043100308222625e-08	1.0529734386573638e-07	3.1267173707817740e-04	3.3860682483359370e-10	9.8612563235146842e-08	3.4062431972557461e-11	9.8313947827687505e-08	1.0941297104101548e-13	3.1006927813886884e-11
4.9999999999999996e-06	6.9402787568369196e-04	9.9719846647681498e-01	2.3214607064776992e-06	7.0639682097483009e-04	4.9003819781422634e-07	7.0158591426264217e-04	1.6770019647097612e-09	4.9699024904202984e-07	4.9938041629521824e-07	6.9472987505462148e-04	1.8697562338703416e-09	4.9213390574936611e-07	3.5651798133388749e-10	4.8878286671720067e-07	1.3487112779042783e-12	3.4624471949576494e-10
6.9999999999999999e-06	1.2113341382505799e-03	9.9507775429399237e-01	4.7468692067804415e-06	1.2500772771963976e-03	1.5081075480085064e-06	1.2349523137222954e-03	6.0301398054169510e-09	1.5514207380452554e-06	1.5032393634176631e-06	1.2135254037131638e-03	6.5494329875043329e-09	1.5245057320404596e-06	1.8834053467754270e-09	1.5060672359384355e-06	8.3125092884914839e-12	1.8920129753571254e-09
9.0000000000000002e-06	1.8483822546258946e-03	9.9242426117905302e-01	8.6002370698331509e-06	1.9418889411907765e-03	3.5590651705639253e-06	1.9052107376308653e-03	1.6851828539562048e-08	3.7279400563035990e-06	3.4886679815322920e-06	1.8536469232376897e-03	1.7807597279690935e-08	3.6270590833565635e-06	6.7449444453861452e-09	3.5585925215060585e-06	3.4876823195275333e-11	6.9631341206961423e-09
1.1000000000000000e-05	2.5855032120734138e-03	9.8928999789001304e-01	1.4335679954027249e-05	2.7767020615060115e-03	7.0803113461143868e-06	2.7012661101148460e-03	3.9856264509221194e-08	7.5817711075675242e-06	6.8300661138983499e-06	2.5962071960357537e-03	4.0966780004463885e-08	7.2869532185991845e-06	1.8757512207570196e-08	7.0891565714442857e-06	1.1387656635430398e-10	1.9897514619190747e-08
1.2999999999999999e-05	3.4001064201514761e-03	9.8573551216446231e-01	2.2409638656427576e-05	3.7485324581994811e-03	1.2488285090046583e-05	3.6101138190677757e-03	8.3399268725819658e-08	1.3728317722501798e-05	1.1844779907705128e-05	3.4194782987283672e-03	8.3378280442456214e-08	1.3003558280780096e-05	4.3597666838114806e-08	1.2523948752226977e-05	3.1030676467782680e-10	4.7625460388216110e-08
1.4999999999999999e-05	4.2674442710536817e-03	9.8182825838945365e-01	3.3233882615307628e-05	4.8506867015039911e-03	2.0125822681382969e-05	4.6171321270834812e-03	1.5855780485853776e-07	2.2810370329223803e-05	1.8737485574317859e-05	4.2996060431688479e-03	1.5413949189012679e-07	2.1242153832317894e-05	8.8516481361986724e-08	2.0220904037458357e-05	7.3551445460786280e-10	9.9899376275608838e-08
1.7000000000000000e-05	5.1614298565974956e-03	9.7764082249706208e-01	4.7129652542950260e-05	6.0759124097393129e-03	3.0214114947842727e-05	5.7063945267889857e-03	2.7873618463496427e-07	3.5463499623677068e-05	2.7555542289723973e-05	5.2113733058767493e-03	2.6330905252119472e-07	3.2388250122384314e-05	1.6152848357925351e-07	3.0422147293663521e-05	1.5576906456532497e-09	1.8906570600324853e-07
1.8999999999999998e-05	6.0554750282267606e-03	9.7324906295782476e-01	6.4286361304515441e-05	7.4165456560797713e-03	4.2813840047444141e-05	6.8609898855004677e-03	4.5873645972082865e-07	5.2281188453029430e-05	3.8160966754009522e-05	6.1289816556657122e-03	4.2063694165763819e-07	4.6705749298855927e-05	2.7013269251235469e-07	4.3214898485560627e-05	3.0026762021350523e-09	3.2930359214759705e-07
2.0999999999999999e-05	6.9233173220834589e-03	9.6873022839776646e-01	8.4727917005443656e-05	8.8646479324004050e-03	5.7799221911801082e-05	8.0633391603754517e-03	7.1331479418295117e-07	7.3781172422171922e-05	5.0222748599059228e-05	7.0268221568091996e-03	6.3393556751151476e-07	6.4301854438969752e-05	4.1974602402341094e-07	5.8504445735667757e-05	5.3394674173714422e-09	5.3533460177765558e-07
2.3000000000000000e-05	7.7398071606869763e-03	9.6416110939843469e-01	1.0828917590930605e-04	1.0412126019869765e-02	7.4847614753811005e-05	9.2954990739873965e-03	1.0553345144666916e-06	1.0037431354252229e-04	6.3230870870629492e-05	7.8802091830024994e-03	9.0731408361156078e-07	8.5101143166541933e-05	6.1212384360454914e-07	7.6001732422722196e-05	8.8472372986107544e-09	8.2069367809759035e-07
2.4999999999999998e-05	8.4816308261552141e-03	9.5961627687214812e-01	1.3460432903743806e-04	1.2050829381369624e-02	9.3445853015221742e-05	1.0539445251947888e-02	1.4937067241538324e-06	1.3233714032664180e-04	7.6530906925968597e-05	8.6660551382705293e-03	1.2395619028511064e-06	1.0883059880214105e-04	8.4408583168793110e-07	9.5226851658123554e-05	1.3764948651676906e-08	1.1957309398177247e-06
2.6999999999999999e-05	9.1279495560252742e-03	9.5516645256258337e-01	1.6310823503771685e-04	1.3772621223344472e-02	1.1291315963576000e-04	1.1777329736914555e-02	2.0313684412673349e-06	1.6978897493594050e-04	8.9375727242732537e-05	9.3634687204337663e-03	1.6229841484902886e-06	1.3501668932399712e-04	1.1068448244141996e-06	1.1552841180980953e-04	2.0229850695794472e-08	1.6655754519922872e-06
2.9000000000000000e-05	9.6609403046808030e-03	9.5087704928234362e-01	1.9305089275436778e-04	1.5569421068801999e-02	1.3243900058159495e-04	1.2991710292080119e-02	2.6635764157598981e-06	2.1267435421031951e-04	1.0098893346747456e-04	9.9542643455300187e-03	2.0429550974015980e-06	1.6299485554943812e-04	1.3861521833673481e-06	1.3611744406291784e-04	2.8215977004377915e-08	2.2283262686650817e-06
3.1000000000000001e-05	1.0066228832006169e-02	9.4680691004213546e-01	2.2352445365560655e-04	1.7433218433447931e-02	1.5113302692723563e-04	1.4165751283075593e-02	3.3767863670509031e-06	2.6075125303607775e-04	1.1063335211144345e-04	1.0423375175077906e-02	2.4783684131737438e-06	1.9193106136245660e-04	1.6633391515677110e-06	1.5611336955016132e-04	3.7486723946881963e-08	2.8737369645815012e-06
3.2999999999999996e-05	1.0333210481464650e-02	9.4300726677878699e-01	2.5350145095361722e-04	1.9356058905213726e-02	1.6808325466563030e-04	1.5283397994167211e-02	4.1483413951452103e-06	3.1358544563672708e-04	1.1767739682228939e-04	1.0759166518416529e-02	2.9030371020192710e-06	2.2085440753865436e-04	1.9171740283322960e-06	1.7459861256895526e-04	4.7575500016013861e-08	3.5826257461011457e-06
3.4999999999999997e-05	1.0455258038638546e-02	9.3952093139215609e-01	2.8188230133067380e-04	2.1330005508148550e-02	1.8241796813505491e-04	1.6329527843351444e-02	4.9471137696111011e-06	3.7055119599832472e-04	1.2165238530708168e-04	1.0953649979991729e-02	3.2879508279456188e-06	2.4869924292818528e-04	2.1263003577216388e-06	1.9067779765834618e-04	5.7804782885801907e-08	4.3271766246674168e-06
3.6999999999999998e-05	1.0429819270071005e-02	9.3638172458086966e-01	3.0754963745166253e-04	2.3347079614739859e-02	1.9336653751505242e-04	1.7290083008255758e-02	5.7351396929934239e-06	4.3083834890537156e-04	1.2229492267661803e-04	1.1002601454160234e-02	3.6041567521323247e-06	2.7435473819265765e-04	2.2719021587208202e-06	2.0353713681418176e-04	6.7347087956458724e-08	5.0722046631153947e-06
3.8999999999999999e-05	1.0258409089973676e-02	9.3361414172549229e-01	3.2942666555072338e-04	2.5399186802560262e-02	2.0031442633968385e-04	1.8152189408701735e-02	6.4701689736374434e-06	4.9346578846125744e-04	1.1957010419443808e-04	1.0905587913504150e-02	3.8259159206220401e-06	2.9671952513667273e-04	2.3401828344980937e-06	2.1249960984261889e-04	7.5322622668289074e-08	5.7773498982132330e-06
4.1000000000000000e-05	9.9465028455925676e-03	9.3123324988293554e-01	3.4653651542014893e-04	2.7478033893703024e-02	2.0284811516349058e-04	1.8904266812580200e-02	7.1089349271915048e-06	5.5730112836324880e-04	1.1367335200867581e-04	1.0665908963580576e-02	3.9337202780190169e-06	3.1475875031911120e-04	2.3242579527186091e-06	2.1707185508794443e-04	8.0919705566030218e-08	6.4000523895697770e-06
4.2999999999999995e-05	9.5033380860366674e-03	9.2924480579560853e-01	3.5805945854406002e-04	2.9575043944559967e-02	2.0078644100295361e-04	1.9536134088787974e-02	7.6108488017807606e-06	6.2108638336663029e-04	1.0501094965769063e-04	1.0290459497779384e-02	3.9167485433492399e-06	3.2756074368179156e-04	2.2251478718271880e-06	2.1697929017121001e-04	8.3517497065044264e-08	6.8990580958799383e-06
4.4999999999999996e-05	8.9416325728605434e-03	9.2764558156336352e-01	3.6338491036325588e-04	3.1681276156508190e-02	1.9419588660009895e-04	2.0039112417072839e-02	7.9417508615141010e-06	6.8346923172156579e-04	9.4161531470977289e-05	9.7895196828735286e-03	3.7743961987755868e-06	3.3439045985367337e-04	2.0516996024195907e-06	2.1218682800958150e-04	8.2788009132464590e-08	7.2381246374700005e-06
4.6999999999999997e-05	8.2772264173857045e-03	9.2642388209718185e-01	3.6215530107144747e-04	3.3787357552033569e-02	1.8338857034609616e-04	2.0406127707186403e-02	8.0773173534892355e-06	7.4303930555344097e-04	8.1822693331968298e-05	9.1764781652406823e-03	3.5166295381510799e-06	3.3473691164379168e-04	1.8194426215842353e-06	2.0290358451801677e-04	7.8756694024940220e-08	7.3895483069617185e-06
4.8999999999999998e-05	7.5286563002094544e-03	9.2556023646453423e-01	3.5429919285829713e-04	3.5883432811128622e-02	1.6890299708932001e-04	2.0631811730669226e-02	8.0057350843726260e-06	7.9836873818445219e-04	6.8748326615541619e-05	8.4674940323023039e-03	3.1630707770927955e-06	3.2835198426222722e-04	1.5485587169332902e-06	1.8957112298859449e-04	7.1807984591478950e-08	7.3371266018749222e-06
5.1000000000000000e-05	6.7166699246603446e-03	9.2502824354309199e-01	3.4005143718323852e-04	3.7959137902917578e-02	1.5146893639779476e-04	2.0712599692799909e-02	7.7293142522126479e-06	8.4805595994394813e-04	5.5683103809496469e-05	7.6811028879763309e-03	2.7408983536999310e-06	3.1527829870329273e-04	1.2612894225198286e-06	1.7283597036859289e-04	6.2632633910804147e-08	7.0782074932965812e-06
5.3000000000000001e-05	5.8636893115797751e-03	9.2479555084673160e-01	3.1995869905295887e-04	4.0003602099528295e-02	1.3195900214487715e-04	2.0646820335503371e-02	7.2648109895928047e-06	8.9077148079612682e-04	4.3300693769043091e-05	6.8377725516589648e-03	2.2818177603428353e-06	2.9586418680482553e-04	9.7919041771574173e-07	1.5350829183841599e-04	5.2125347917724153e-08	6.6245560849220085e-06
5.4999999999999995e-05	4.9932323290350538e-03	9.2482494384961367e-01	2.9486931815431649e-04	4.2005481655424025e-02	1.1133052504963381e-04	2.0434773318816175e-02	6.6423639437763026e-06	9.2530415009240200e-04	3.2151757889529859e-05	5.9594144531872903e-03	1.8184976982675215e-06	2.7076434906323556e-04	7.2065557471717616e-07	1.3250964049001552e-04	4.1251402581677442e-08	6.0018845737125613e-06
5.6999999999999996e-05	4.1293029703563435e-03	9.2507552154783268e-01	2.6590721446805477e-04	4.3953026919509725e-02	9.0562059068777313e-05	2.0078787710436065e-02	5.9030998911576743e-06	9.5060616729559068e-04	2.2626643681196069e-05	5.0688577895965726e-03	1.3809522160576345e-06	2.4092538367804532e-04	4.9907303406084389e-07	1.1081353058878052e-04	3.0907311833129077e-08	5.2480310448585652e-06
5.8999999999999998e-05	3.2957622830522859e-03	9.2550393236993334e-01	2.3443035548170729e-04	4.5834182976087219e-02	7.0589281919242059e-05	1.9583255018330196e-02	5.0956146518723515e-06	9.6583496157141683e-04	1.4936075269523037e-05	4.1892948842273577e-03	9.9336732927477670e-07	2.0755608720780358e-04	3.2185435017392291e-07	8.9383147558236688e-05	2.1801623943950974e-08	4.4099214165036488e-06
6.0999999999999999e-05	2.5156933864220457e-03	9.2606564295048499e-01	2.0197515021142738e-04	4.7636722154260000e-02	5.2245101186856920e-05	1.8954630387239345e-02	4.2716692386021715e-06	9.7038999074913789e-04	9.1112117136143485e-06	3.3437078351351533e-03	6.7181567841217426e-07	1.7208320876869868e-04	1.9041906575746496e-07	6.9110753139334284e-05	1.4377269672361312e-08	3.5395894478925143e-06
6.3000000000000000e-05	1.8107755285081905e-03	9.2671621084512412e-01	1.7018897888063439e-04	4.9348404986252370e-02	3.6208449640727967e-05	1.8201396356100644e-02	3.4815402799709299e-06	9.6394255471240174e-04	5.0224018669324462e-06	2.5542882994308855e-03	4.2318100646591492e-07	1.3609415483020992e-04	1.0105111188972194e-07	5.0763239958552650e-05	8.7876021447571312e-09	2.6896447063435403e-06
6.4999999999999994e-05	1.2006834278438306e-03	9.2741253116356515e-01	1.4075385488042190e-04	5.0957164525678694e-02	2.2965565843179374e-05	1.7333984900800244e-02	2.7695148133633828e-06	9.4645688997989624e-04	2.4140157782891545e-06	1.8418639423884583e-03	2.4544169674994155e-07	1.0126894404100632e-04	4.6400785844320881e-08	3.4937832910916250e-05	4.9265029245248269e-09	1.9086525037999220e-06
6.7000000000000002e-05	7.0252902047929504e-04	9.2811402652322306e-01	1.1530489104947561e-04	5.2451307454669922e-02	1.2786558629473947e-05	1.6364655278982031e-02	2.1700144607393280e-06	9.1820111517761202e-04	9.5107388694798934e-07	1.2253464809690961e-03	1.2926345742320358e-07	6.9304447222614735e-05	1.7312019778966130e-08	2.2031152195478794e-05	2.5014261841790116e-09	1.2369121645932755e-06
6.8999999999999997e-05	3.3036300178100516e-04	9.2878374987423962e-01	9.5347748450505030e-05	5.3819724210578387e-02	5.7188240395632056e-06	1.5307327323389125e-02	1.7047714482241727e-06	8.7974702257946310e-04	2.7219427630345427e-07	7.2121717421777683e-04	6.0654398834859042e-08	4.1834559356657373e-05	4.6245168770718446e-09	1.2223801290845379e-05	1.1296890109142101e-09	7.0308576179595073e-07
7.0999999999999991e-05	9.4753065301491650e-05	9.2938937078734540e-01	8.2179531045563291e-05	5.5052099536939403e-02	1.5975206304701141e-06	1.4177372138492456e-02	1.3813648250905569e-06	8.3195823708649046e-04	4.2758050229180958e-08	3.4306588859563748e-04	2.4270792993193726e-08	2.0350382705212227e-05	6.3674836133034427e-10	5.4814058830135483e-06	4.3463950659978584e-10	3.2204093259516308e-07
7.2999999999999999e-05	2.4544010745867986e-06	9.2990401785470600e-01	7.6817613645411144e-05	5.6139114481200403e-02	7.1927770243708234e-08	1.2991364464541752e-02	1.1932722925193472e-06	7.7596685733110162e-04	2.2194954777455223e-09	1.0119937092752171e-04	6.8545458314260787e-09	6.1247057698099397e-06	8.6335419733876702e-12	1.5717098414300072e-06	1.2028789985732841e-10	9.4137950752381684e-08
7.4999999999999993e-05	5.6185792956679327e-05	9.3030695299437094e-01	7.9940629763274173e-05	5.7072630971037590e-02	6.4522957263002967e-07	1.1766803102780506e-02	1.1214193450593145e-06	7.1313931150982141e-04	1.6265067365140367e-10	2.3330310138194803e-06	2.5188538895216786e-10	1.4500809769401253e-07	1.1362923831264351e-11	9.6045309888882403e-08	9.9265547512762572e-12	6.0284321360705613e-09
7.7000000000000001e-05	2.5452159243393867e-04	9.3058405766037622e-01	9.1845298316048119e-05	5.7845850718989372e-02	2.7241956705468871e-06	1.0521807576780062e-02	1.1370341619911207e-06	6.4503275572709475e-04	1.6964669174028432e-08	4.9378374227590899e-05	3.5141889479203248e-09	3.0588912757891114e-06	1.6951115958241515e-10	5.3234872462525262e-07	4.4333866642108340e-11	3.2860629985512527e-08
7.8999999999999996e-05	5.9190606129951094e-04	9.3072811615292339e-01	1.1242195490685622e-04	5.8453441314100324e-02	5.6744623921057296e-06	9.2748004962643470e-03	1.2054654317397082e-06	5.7334386779952660e-04	1.6664292775324474e-07	2.4133530662380322e-04	2.3711108835038068e-08	1.5135239190449787e-05	1.4598017558143034e-09	2.2859938837944781e-06	2.4575573437251895e-10	1.4162560650904083e-07
8.0999999999999990e-05	1.0587922505889090e-03	9.3073888722906095e-01	1.4115061976115810e-04	5.8891623905905965e-02	8.8767204450322139e-06	8.0441857898310397e-03	1.2905100936194585e-06	4.9985230247377309e-04	6.8146066646348806e-07	5.7329500272017709e-04	7.5276023260152918e-08	3.6243576270693008e-05	5.3087645127405857e-09	4.7441353771174783e-06	6.6230880664333389e-10	2.9524972349058089e-07
8.2999999999999998e-05	1.6419029532741987e-03	9.3062296179923776e-01	1.7711824632500928e-04	5.9158218783227905e-02	1.1779120668266810e-05	6.8480330288545324e-03	1.3587427540387959e-06	4.2636134239018477e-04	1.8799346236837814e-06	1.0365550759391024e-03	1.7792726054475279e-07	6.5853073069764142e-05	1.2654240188737121e-08	7.3290485757639756e-06	1.3116732277327056e-09	4.5695790141585955e-07
8.4999999999999993e-05	2.3246066015189535e-03	9.3039341137276232e-01	2.1905653397998433e-04	5.9252647282483875e-02	1.3941613725103809e-05	5.7037774771062175e-03	1.3833451514020554e-06	3.5463838360191537e-04	4.1218043457659491e-06	1.6188446587228410e-03	3.5343236695556218e-07	1.0305151382619927e-04	2.3300945205963877e-08	9.5461287655752269e-06	2.1419804675840882e-09	5.9440873310002241e-07
8.7000000000000001e-05	3.0873965536795112e-03	9.3006923876952441e-01	2.6539844590999358e-04	5.9175890692270812e-02	1.5068702613440431e-05	4.6279443225519731e-03	1.3470013929257146e-06	2.8635783089476857e-04	7.7550738861597547e-06	2.3046529354572359e-03	6.2167260283964115e-07	1.4658337160771719e-04	3.5717536870530111e-08	1.1022748991631410e-05	3.0220465565472831e-09	6.8313904949690400e-07
8.8999999999999995e-05	3.9084582949101580e-03	9.2967464912397713e-01	3.1435043986619297e-04	5.8930409008320708e-02	1.5028136628351359e-05	3.6359038801480515e-03	1.2435438447169844e-06	2.2304875770943472e-04	1.3061243882822870e-05	3.0756509220053988e-03	9.9659071774643128e-07	1.9490501806661111e-04	4.7310803084577311e-08	1.1535018515033042e-05	3.7641792636231583e-09	7.0894644022707631e-07
9.0999999999999989e-05	4.7643058833333135e-03	9.2923816506712364e-01	3.6397647823059153e-04	5.8520024393512830e-02	1.3854315784212644e-05	2.7416625359118624e-03	1.0781900517631057e-06	1.6604933299503764e-04	2.0205192031740519e-05	3.9111930669620421e-03	1.4826457639793233e-06	2.4625410715414190e-04	5.5096268365570346e-08	1.1020550541650813e-05	4.1731264246171044e-09	6.6897122447508297e-07
9.2999999999999997e-05	5.6304666786743856e-03	9.2879161492068563e-01	4.1228920124261018e-04	5.7949775883378053e-02	1.1736495061936836e-05	1.9576919969709122e-03	8.6638302127271465e-07	1.1646956820095024e-04	2.9195780171612722e-05	4.7888827286899360e-03	2.0723457842699194e-06	2.9872938382699495e-04	5.6588660921427747e-08	9.5765415697856290e-06	4.1069223029160590e-09	5.7139715450756141e-07
9.4999999999999992e-05	6.4821920879170446e-03	9.2836902657231435e-01	4.5734326847789300e-04	5.7225753144602182e-02	8.9931638575270851e-06	1.2947971942926706e-03	6.3141404408389323e-07	7.5163433498507407e-05	3.9862193326838173e-05	5.6851838624040058e-03	2.7452885043417511e-06	3.5037663021960985e-04	5.0680692778714423e-08	7.4436814757229386e-06	3.5315094950006339e-09	4.3385287887624086e-07
9.7000000000000000e-05	7.2951717709963939e-03	9.2800546229007064e-01	4.9732581815257353e-04	5.6354917870546868e-02	6.0351201874240667e-06	7.6202112488487749e-04	4.0114853107096906e-07	4.2710876380009113e-05	5.1849355911957469e-05	6.5760603661855826e-03	3.4689312864961361e-06	3.9927620133972745e-04	3.8276080268963967e-08	4.9775531706166135e-06	2.5520977755794806e-09	2.8074419399005851e-07
9.8999999999999994e-05	8.0462294110667729e-03	9.2773583102379831e-01	5.3063925492648255e-04	5.5344921648498899e-02	3.3206701482134472e-06	3.6658317107770232e-04	2.0427443438198283e-07	1.9409788013622508e-05	6.4633698118499386e-05	7.4376244475916299e-03	4.2010651196868570e-06	4.4362762515981865e-04	2.2493204963482336e-08	2.6101555624084553e-06	1.4099913953718821e-09	1.3986330389579113e-07
1.0100000000000000e-04	8.7139796448367640e-03	9.2759371474873831e-01	5.5597212386774252e-04	5.4203928860791110e-02	1.3069925295061247e-06	1.1384611926373399e-04	6.6538785870225489e-08	5.2775359930958980e-06	7.7558287831780483e-05	8.2467759868313940e-03	4.8937202023156194e-06	4.8182703115049906e-04	8.3486548216081744e-09	8.0492473100632315e-07	4.4256606550970347e-10	3.8693242759263293e-08
1.0300000000000000e-04	9.2794278960988807e-03	9.2761024421565774e-01	5.7235461077317700e-04	5.2940452424194907e-02	4.0197545636422214e-07	7.3063043946075576e-06	7.4266990785025678e-09	6.1339247345096046e-08	8.9884153216001418e-05	8.9818160470855647e-03	5.4980201280717402e-06	5.1253369159567853e-04	1.9454908241760511e-09	9.0893980454053077e-09	1.3868025172681726e-11	8.4671332944735289e-10
1.0499999999999999e-04	9.7264974594452290e-03	9.2781305721411145e-01	5.7919616319128159e-04	5.1563208997763996e-02	9.2074452219990228e-07	4.8601071744621452e-05	3.7671941741376823e-08	3.2565132182777065e-06	1.0085274882776481e-04	9.6230192521171102e-03	5.9693598385598957e-06	5.3472266302420656e-04	9.3049019415868078e-09	6.0735543310092462e-07	4.3138152874232932e-10	4.3048555370003127e-08
1.0700000000000000e-04	1.0042471036558089e-02	9.2822536929551269e-01	5.7630378160918581e-04	5.0080998790515682e-02	3.0506759170677216e-06	2.3752807141412346e-04	1.5787840640210475e-07	1.4131460849260341e-05	1.0975318227133888e-04	1.0153151548879495e-02	6.2722308871401905e-06	5.4772134509221504e-04	3.5067478854018731e-08	2.8807704048360057e-06	1.8687526185678148e-09	1.7299546962030611e-07
1.0899999999999999e-04	1.0218336847979530e-02	9.2886518301820842e-01	5.6388061555422641e-04	4.8502613383956950e-02	6.8279640668116841e-06	5.7207173823751209e-04	3.5839197593703463e-07	3.1758217213860291e-05	1.1598717910361096e-04	1.0557921751051677e-02	6.3840637665916581e-06	5.5122867401678928e-04	8.1332344452850515e-08	6.9741930779307531e-06	4.3135390132258827e-09	3.8831592651674078e-07
1.1100000000000000e-04	1.0249032279523222e-02	9.2974465734273926e-01	5.4250554954559781e-04	4.6836773163830975e-02	1.2127851848999269e-05	1.0484335761476655e-03	6.2040990826226942e-07	5.5047354864441255e-05	1.1912490267582506e-04	1.0826357108025424e-02	6.2975935966830386e-06	5.4531658322463884e-04	1.4688872404146752e-07	1.2875120646869876e-05	7.5535244098865635e-09	6.7672119304799704e-07
1.1300000000000000e-04	1.0133580674868480e-02	9.3086965398118193e-01	5.1309542324283995e-04	4.5092094142357736e-02	1.8669507839844501e-05	1.6610644457674846e-03	9.1816829236299027e-07	8.2786100819609121e-05	1.1894565535204288e-04	1.0951094900591263e-02	6.0214610570521768e-06	5.3041424790476355e-04	2.2702654418225640e-07	2.0405757449122489e-05	1.1206164359618363e-08	1.0173005853430351e-06
1.1499999999999999e-04	9.8751193096333467e-03	9.3223947242581573e-01	4.7685235500664750e-04	4.3277082250104473e-02	2.6035333755113008e-05	2.4026988076752149e-03	1.2219243778876879e-06	1.1367858113732854e-04	1.1545907108962517e-04	1.0928583718480756e-02	5.5790035252615657e-06	5.0727644367889459e-04	3.1400297905965641e-07	2.9229201388436774e-05	1.4785561039204333e-08	1.3827858091567877e-06
1.1700000000000000e-04	9.4808187846765236e-03	9.3384678016026323e-01	4.3519929714378353e-04	4.1400151675284408e-02	3.3703294587979850e-05	3.2643926479604007e-03	1.5013634721559483e-06	1.4638717412075318e-04	1.0890449088939891e-04	1.0759189661591064e-02	5.0054352525579931e-06	4.7693806226795733e-04	3.9811210988413499e-07	3.8869543509475920e-05	1.7792524296786491e-08	1.7425043646884095e-06
1.1899999999999999e-04	8.9616961066709584e-03	9.3567773927952891e-01	3.8970742480951676e-04	3.9469662600353325e-02	4.1089771044023536e-05	4.2355684499000672e-03	1.7290188143474999e-06	1.7957400233965573e-04	9.9728557781348037e-05	1.0447204296163847e-02	4.3438241483111632e-06	4.4065741619771416e-04	4.6918127301781181e-07	4.8744591750334192e-05	1.9807936859518055e-08	2.0656713062398296e-06
1.2100000000000000e-04	8.3323256572011648e-03	9.3771232548873429e-01	3.4201923944408635e-04	3.7493972784481376e-02	4.7599519995108065e-05	5.3040719248148771e-03	1.8833010513471536e-06	2.1194161784191131e-04	8.8543411443645019e-05	1.0000752876505609e-02	3.6404167939072580e-06	3.9985141388280759e-04	5.1822584195829761e-07	5.8208913828584224e-05	2.0569070397712663e-08	2.3246390879788636e-06
1.2299999999999998e-04	7.6104541695444922e-03	9.3992483028393403e-01	2.9377135048060072e-04	3.5481496898782348e-02	5.2678664778457291e-05	6.4562461422008983e-03	1.9507895622347565e-06	2.4227193322196418e-04	7.6069939169600291e-05	9.4316031961191541e-03	2.9399239294640537e-06	3.5602598430880454e-04	5.3895379011763893e-07	6.6604018231205555e-05	2.0012756186399490e-08	2.4977392110141860e-06
1.2500000000000000e-04	6.8165278037269871e-03	9.4228453211815699e-01	2.4652079115841137e-04	3.3440767351771816e-02	5.5866279580962050e-05	7.6770290966527823e-03	1.9275334074996608e-06	2.6946243055406478e-04	6.3072116058168049e-05	8.7548775207665231e-03	2.2813504833830934e-06	3.1070526929841391e-04	5.2883200256028060e-07	7.3311824515031923e-05	1.8277260113347546e-08	2.5714046269081283e-06
1.2700000000000000e-04	5.9731414739450936e-03	9.4475651761150536e-01	2.0167843626567149e-04	3.1380490538591800e-02	5.6840118362674166e-05	8.9500805453360428e-03	1.8192331217390469e-06	2.9255865425785877e-04	5.0289368011834425e-05	7.9886724022990799e-03	1.6948455594787734e-06	2.6536307692829339e-04	4.8950526361525971e-07	7.7807174664778038e-05	1.5664322332783046e-08	2.5413515867501386e-06
1.2899999999999999e-04	5.1044227338221922e-03	9.4730262948432686e-01	1.6045263712385167e-04	2.9309592983995953e-02	5.5452383560967198e-05	1.0257943116661263e-02	1.6403108308235800e-06	3.1078198104472917e-04	3.8374019922844376e-05	7.1535937486133239e-03	1.1998787661252575e-06	2.2135990217373727e-04	4.2648147638800245e-07	7.9705052709990652e-05	1.2571719566614188e-08	2.4127132744434640e-06
1.3099999999999999e-04	4.2353647113692744e-03	9.4988251400468127e-01	1.2380559276531090e-04	2.7237252684352089e-02	5.1752122059336449e-05	1.1582241248829979e-02	1.4120087931021158e-06	3.2355168037006627e-04	2.7840240673560773e-05	6.2722172512588228e-03	8.0484807858712102e-07	1.7988847576001091e-04	3.4813906124154852e-07	7.8798437397755548e-05	9.4127707333902251e-09	2.1991418021787473e-06
1.3300000000000001e-04	3.3911247068433531e-03	9.5245473748670251e-01	9.2424262192569517e-05	2.5172912032038905e-02	4.5991836704628122e-05	1.2903919537327627e-02	1.1597695159467111e-06	3.3050035122920133e-04	1.9029547045927502e-05	5.3684870188375859e-03	5.0802259018893371e-07	1.4193031166806716e-04	2.6424617872561703e-07	7.5083314729810829e-05	6.5410929416191122e-09	1.9210153246396162e-06
1.3500000000000000e-04	2.5963069841411128e-03	9.5497793890134297e-01	6.6706822822737918e-05	2.3126269959120344e-02	3.8617144382403297e-05	1.4203519673635662e-02	9.1023058730880638e-07	3.3148196031385644e-04	1.2096038777523546e-05	4.4670678651863296e-03	2.9955079050288967e-07	1.0822510781453885e-04	1.8427915354352977e-07	6.8768296745948672e-05	4.1963744026353894e-09	1.6029888336021328e-06
1.3700000000000000e-04	1.8742498368295166e-03	9.5741198410333561e-01	4.6764832450285924e-05	2.1107252290342899e-02	3.0239704508286632e-05	1.5461492506989713e-02	6.8820487073187778e-07	3.2657192015386500e-04	7.0123234374406045e-06	3.5926689703899293e-03	1.6414490132823731e-07	7.9254141474982280e-05	1.1586875045261052e-07	6.0267472379528252e-05	2.4808242552971817e-09	1.2711983841176347e-06
1.3899999999999999e-04	1.2463380243968459e-03	9.5971908665445627e-01	3.2440398955387431e-05	1.9125960668248312e-02	2.1595073218071901e-05	1.6658539053227211e-02	5.1400761499380847e-07	3.1605893272377569e-04	3.5948016749267102e-06	2.7693583844444650e-03	8.3998272295063784e-08	5.5238027262632705e-05	6.3678397596800231e-08	5.0176468643980558e-05	1.3679935923521925e-09	9.5046049349559664e-07
1.4099999999999998e-04	7.3136199784955833e-04	9.6186486081385503e-01	2.3336849394392476e-05	1.7192601725454029e-02	1.3488485549982474e-05	1.7775971724204392e-02	4.0143807635119588e-07	3.0042867325968833e-04	1.5448738448248983e-06	2.0198889137773598e-03	4.1508771169043789e-08	3.6148413373639091e-05	2.8931952740574354e-08	3.9233115214505839e-05	7.3791790364823969e-10	6.6179752959073506e-07
1.4300000000000001e-04	3.4494484448382436e-04	9.6381927400528566e-01	1.8860664507999484e-05	1.5317399355404207e-02	6.7327067608251489e-06	1.8796084873129327e-02	3.5663192024240216e-07	2.8033978064156447e-04	5.0092707664048725e-07	1.3650561958295007e-03	2.1458570343474195e-08	2.1732427441908675e-05	9.6767713782183156e-09	2.8265457444926104e-05	4.2691389521418892e-10	4.2056784328374696e-07
1.4500000000000000e-04	9.9056506514154290e-05	9.6555746893790029e-01	1.8271849959595048e-05	1.3510493906604536e-02	2.0829122470597460e-06	1.9702522142048103e-02	3.7788425701621828e-07	2.5659302701644578e-04	9.4848045055993756e-08	8.2310915684451853e-04	1.2422929383410445e-08	1.1547993020835175e-05	1.7168381188803301e-09	1.8131024309737728e-05	2.7812267406476540e-10	2.3539336870805888e-07
1.4700000000000000e-04	1.6325539867078313e-06	9.6706042947440185e-01	2.0739489568107519e-05	1.1781832843063401e-02	1.7396466863389658e-07	2.0480627216629268e-02	4.5641720234613511e-07	2.3009492792635879e-04	6.3947167468802836e-09	4.0923155586365190e-04	7.3250238032191466e-09	5.0075642243477824e-06	1.1126325121802963e-11	9.6521121920627351e-06	1.8033268282889828e-10	1.0796910013220342e-07
1.4899999999999999e-04	5.6311670366509377e-05	9.6831546917582689e-01	2.5398996766382144e-05	1.0141057838162906e-02	1.4654026506545871e-06	2.1117764545031684e-02	5.7794702969882508e-07	2.0181739133272601e-04	9.0865681301681887e-09	1.3511100089990910e-04	3.1962788306435238e-09	1.4274050826632983e-06	2.3292667736336918e-10	3.5523011163554100e-06	8.7075082216186732e-11	3.3722910971613396e-08
1.5099999999999998e-04	2.6230215374082537e-04	9.6931652702676296e-01	3.1407564585710295e-05	8.5973933817486380e-03	6.1989261535043568e-06	2.1603597400163078e-02	7.2480987661102973e-07	1.7275525844667383e-04	2.2942210163498389e-09	8.6087978632595741e-06	3.1982260291367003e-10	7.9297180998855255e-08	1.4769004390383489e-10	3.9942150914133738e-07	1.4056438317881832e-11	3.1862045005555872e-09
1.5300000000000001e-04	6.1438331762557550e-04	9.7006426094326170e-01	3.7994513624808445e-05	7.1595417814715951e-03	1.4372193617338751e-05	2.1930312323379983e-02	8.7834388457184557e-07	1.4388373629677253e-04	2.5810012653527775e-08	3.3540424225059541e-05	1.0117765838043121e-09	2.4150733546574569e-07	4.9886316082132540e-10	5.5972548957529540e-07	1.8947792346937374e-11	3.8502119760358476e-09
1.5500000000000000e-04	1.1030429057827427e-03	9.7056593605060237e-01	4.4503638938476160e-05	5.8355889489222794e-03	2.5731414314232985e-05	2.2092781376001843e-02	1.0212069177438280e-06	1.1611774589366842e-04	2.5518482613089811e-07	2.0957250671266767e-04	8.3220567337574160e-09	1.2459863564603578e-06	5.1879755302918234e-09	4.1671224993222535e-06	1.7180998032430266e-10	2.2230414645248640e-08
1.5699999999999999e-04	1.7147467549459370e-03	9.7083511114464849e-01	5.0425233712542177e-05	4.6329246156901534e-03	3.9783643005827526e-05	2.2088656572454630e-02	1.1393339616892600e-06	9.0275106303701558e-05	9.7830684329986720e-07	5.3223814115733895e-04	2.4912748811793808e-08	2.5190873372254368e-06	2.0678252466728831e-08	1.1110094226845373e-05	5.2599693367722181e-10	4.5848739067502691e-08
1.5899999999999999e-04	2.4323321962052545e-03	9.7089113298168839e-01	5.5416180940867161e-05	3.5581796755076666e-03	5.5828006767152412e-05	2.1918394156006146e-02	1.2233021868333702e-06	6.7045251334326824e-05	2.5558396577640867e-06	9.9306843722785738e-04	5.2305784895202655e-08	3.6135628494158849e-06	5.4711940973052479e-08	2.1037423518789356e-05	1.0980450251134102e-09	6.4870364076807222e-08
1.6099999999999998e-04	3.2355123183589185e-03	9.7075845386050719e-01	5.9307305868669863e-05	2.6171822583126534e-03	7.3003471524024408e-05	2.1585209756525489e-02	1.2689643761405029e-06	4.6964850209070606e-05	5.3700007723537566e-06	1.5798344970578478e-03	9.0597006861648404e-08	4.2301912507410344e-06	1.1457791059165357e-07	3.3382294846511105e-05	1.8614451104063080e-09	7.3194052997085711e-08
1.6300000000000000e-04	4.1014744358244962e-03	9.7046579318175463e-01	6.2098018073325796e-05	1.8149329794236516e-03	9.0349340039131454e-05	2.1094968685287666e-02	1.2773190819743756e-06	3.0401303675250242e-05	9.7675457962545950e-06	2.2768908076989513e-03	1.3862913122011384e-07	4.2280531862496829e-06	2.0526796029879124e-07	4.7402796569016915e-05	2.7545174638750723e-09	6.8882004579539607e-08
1.6500000000000000e-04	5.0055530786827698e-03	9.7004516814660402e-01	6.3939087798757169e-05	1.1555986435714638e-03	1.0687359515886064e-04	2.0456018438034927e-02	1.2536929127880370e-06	1.7544645135346722e-05	1.6003576352481029e-05	3.0656083619361525e-03	1.9452080879021781e-07	3.6231875851440219e-06	3.2789624161667174e-07	6.2235516668189301e-05	3.6983016519319668e-09	5.3914230264585243e-08
1.6699999999999999e-04	5.9219556689927193e-03	9.6953082238534605e-01	6.5105144462439496e-05	6.4252258909682099e-04	1.2162355970558057e-04	1.9678972697070276e-02	1.2064017647023157e-06	8.4079271654763008e-06	2.4192823078086788e-05	3.9248837885595654e-03	2.5637970824454521e-07	2.5760596084280538e-06	4.7871793796761054e-07	7.6957890719990497e-05	4.6176689493353322e-09	3.3349136919568078e-08
1.6899999999999999e-04	6.8245178220435526e-03	9.6895808402616512e-01	6.5959110582187989e-05	2.7824889652101030e-04	1.3375319167543596e-04	1.8776457605259509e-02	1.1451213462391515e-06	2.8357497968702938e-06	3.4274355792775929e-05	4.8317093870740343e-03	3.2299604723600336e-07	1.3689317684751240e-06	6.4897730668047091e-07	9.0654317266528536e-05	5.4584580455663214e-09	1.4052918674560690e-08
1.7099999999999998e-04	7.6874649092201928e-03	9.6836218650458561e-01	6.6911255705981017e-05	6.4556913493101729e-05	1.4258167663270592e-04	1.7762831756166813e-02	1.0792251413452286e-06	5.2021554768337726e-07	4.5994304762190358e-05	5.7617881881497123e-03	3.9432398375729732e-07	3.7480975598087529e-07	8.2566153585314260e-07	1.0248084517469685e-04	6.1953034588116699e-09	3.2148635303436183e-09
1.7300000000000000e-04	8.4861570791953007e-03	9.6777708628953041e-01	6.8375847755333891e-05	2.5020090739757037e-06	1.4763877752310272e-04	1.6653891203475105e-02	1.0163375366546541e-06	1.0232970439274782e-06	5.8909276305257463e-05	6.6901779219411227e-03	4.7160881590481390e-07	2.0108972886524839e-08	9.9306542023349119e-07	1.1172346197708084e-04	6.8282708924925844e-09	6.8871853929567617e-09
1.7500000000000000e-04	9.1977962466461474e-03	9.6723431170390417e-01	7.0728481398867998e-05	9.2458195575095223e-05	1.4869357349458261e-04	1.5466569906359031e-02	9.6130425065473166e-07	3.8043867569749088e-06	7.2410909405827871e-05	7.5919479620797101e-03	5.5709794275337935e-07	7.4353626645706343e-07	1.1349161716567638e-06	1.1784563473424605e-04	7.3702916255260024e-09	2.8774744633213782e-08
1.7699999999999999e-04	9.8020754780189477e-03	9.6676187620508425e-01	7.4267074768287426e-05	3.3415826265696072e-04	1.4576465035729032e-04	1.4218644521958533e-02	9.1570936893060447e-07	8.2516663734622996e-06	8.5769685485375234e-05	8.4428337968855214e-03	6.5336755250055517e-07	2.9538909762248873e-06	1.2366983014740060e-06	1.2052170667175756e-04	7.8304676674089811e-09	6.9455095031143624e-08
1.7899999999999999e-04	1.0281753568568464e-02	9.6638328793011363e-01	7.9179258240075857e-05	7.2672735839446692e-04	1.3911136389444101e-04	1.2928450503000925e-02	8.7797969681138846e-07	1.3715878996344761e-05	9.8193926271111068e-05	9.2198742338160632e-03	7.6238686520593890e-07	6.9895538214040780e-06	1.2877768688329482e-06	1.1965394186639038e-04	8.1996526492016780e-09	1.2613995581420469e-07
1.8099999999999998e-04	1.0623140249323641e-02	9.6611668506649995e-01	8.5518452670379415e-05	1.2687065132986784e-03	1.2920734587531322e-04	1.1614614257027851e-02	8.4402608331959331e-07	1.9545098075547554e-05	1.0889813986971783e-04	9.9020172575367809e-03	8.8450979993825737e-07	1.3082350755407888e-05	1.2829515065245998e-06	1.1537233203175951e-04	8.4439135380651279e-09	1.9300575435080143e-07
1.8300000000000000e-04	1.0816480238152536e-02	9.6597412373776903e-01	9.3190377062997627e-05	1.9580634096608269e-03	1.1669883130541712e-04	1.0295803881572392e-02	8.0829103319110327e-07	2.5119146519050105e-05	1.1717371015431532e-04	1.0470681157526491e-02	1.0176161769238229e-06	2.1328255889240823e-05	1.2231765975367164e-06	1.0801762659406672e-04	8.5088258214773469e-09	2.6203518331675203e-07
1.8500000000000000e-04	1.0856227137896213e-02	9.6596104163459284e-01	1.0195106974137214e-04	2.7921887108353464e-03	1.0235154249897806e-04	8.9904989057385948e-03	7.6501357099144018e-07	2.9882410975068155e-05	1.2245451428082092e-04	1.0910258183370386e-02	1.1566133397242662e-06	3.1667041289645009e-05	1.1153343975788571e-06	9.8109317977301965e-05	8.3339026370045574e-09	3.2423561753764509e-07
1.8699999999999999e-04	1.0741200909947964e-02	9.6607591660382408e-01	1.1141678816131274e-04	3.7678774321711198e-03	8.6990685709307700e-05	7.7167777164157576e-03	7.0949382770541020e-07	3.3373904832173001e-05	1.2437046095039610e-04	1.1208548591544425e-02	1.2934546452486801e-06	4.3872504179006998e-05	9.7111812068595416e-07	8.6301418644217802e-05	7.8729661773919987e-09	3.7104408502586263e-07
1.8899999999999999e-04	1.0474625282549501e-02	9.6631013484396333e-01	1.2108540733388483e-04	4.8812960959054704e-03	7.1439045367735452e-05	6.4921200621627824e-03	6.3914471472419765e-07	3.5253548046824471e-05	1.2278313939315230e-04	1.1357113584484718e-02	1.4177420333761981e-06	5.7554320285912116e-05	8.0523810679244304e-07	7.3329731755192046e-05	7.1140486875156582e-09	3.9569987338892338e-07
1.9099999999999998e-04	1.0064044001427136e-02	9.6664807825761412e-01	1.3036820246772502e-04	6.1279376967192023e-03	5.6458178672953088e-05	5.3332212979552290e-03	5.5415515915132900e-07	3.5323746718708704e-05	1.1779963552399304e-04	1.1351536422729781e-02	1.5178711952067424e-06	7.2171907156440065e-05	6.3327659973342229e-07	5.9954889181766326e-05	6.0921832020545873e-09	3.9436872157068672e-07
1.9300000000000000e-04	9.5211173419004931e-03	9.6706743489892300e-01	1.3863021448138794e-04	7.5025677370669178e-03	4.2697330843988193e-05	4.2558148960256661e-03	4.5765307418817409e-07	3.3545470263284285e-05	1.0976290608153643e-04	1.1191582054413562e-02	1.5825694344137175e-06	8.7059960154022161e-05	4.6956499646722358e-07	4.6905675307280621e-05	4.8903222743994098e-09	3.6683673843084510e-07
1.9500000000000000e-04	8.8613028404717614e-03	9.6753973036812846e-01	1.4523679318933708e-04	8.9991656930950761e-03	3.0653949642877633e-05	3.2745001859258620e-03	3.5533725782272883e-07	3.0048144019451903e-05	9.9219643235252239e-05	1.0881247101615482e-02	1.6025888030781016e-06	1.0146457998042590e-04	3.2543437647809855e-07	3.4827059776933841e-05	3.6270671494980597e-09	3.1665344229231283e-07
1.9699999999999999e-04	8.1034268336290152e-03	9.6803107152494106e-01	1.4960342649978807e-04	1.0610867164948452e-02	2.0648642523083393e-05	2.4025732351910007e-03	2.5463407137451847e-07	2.5132808799937434e-05	8.6869020878831770e-05	1.0428694101060365e-02	1.5722682593176745e-06	1.1458818352233967e-04	2.0810263232712424e-07	2.4236935475927383e-05	2.4338673333799769e-09	2.5068372669024025e-07
1.9899999999999999e-04	7.2691561544268625e-03	9.6850308714548416e-01	1.5124562682697991e-04	1.2329912576852385e-02	1.2816176201556010e-05	1.6518601319405930e-03	1.6351447928545061e-07	1.9268156515772588e-05	7.3497804075134699e-05	9.8460666054633050e-03	1.4906798918111530e-06	1.2564072475229564e-04	1.2032906721542734e-07	1.5494828934961031e-05	1.4276430398050752e-09	1.7811747068951215e-07
2.0099999999999998e-04	6.3823822356776942e-03	9.6891404332017184e-01	1.4982548624038140e-04	1.4147608560319854e-02	7.1127652894440457e-06	1.0325535398175113e-03	8.9168015864432747e-08	1.3079242115794759e-05	5.9908778943453660e-05	9.1491851336254013e-03	1.3621283936446457e-06	1.3389419759313496e-04	6.0817654515426918e-08	8.7848690507750323e-06	6.8635582175409355e-10	1.0907076148786864e-07
2.0300000000000000e-04	5.4685328509390761e-03	9.6922010472804054e-01	1.4519155180844063e-04	1.6054308031999767e-02	3.3385395877520890e-06	5.5305509875639650e-04	3.6762984330449335e-08	7.3289030383349749e-06	4.6850146192328012e-05	8.3571279520270759e-03	1.1958729857895338e-06	1.3873699613120604e-04	2.5213472331050493e-08	4.1141355866915298e-06	2.3437512030609617e-10	5.2982101812558131e-08
