9.9999999999999995e-07	8.3727980183511389e-05	9.9966456470717890e-01	2.1233707457739248e-07	8.3892012417999967e-05	7.0929743996892774e-09	8.3828480680036611e-05	1.8375538142168235e-11	7.0348997124375002e-09	8.9382968355889370e-09	8.3737326054956988e-05	2.1283969243342219e-11	7.0272502702819535e-09	8.1011876817051866e-13	7.0219283750410305e-09	1.8370933002442406e-15	5.8928139353066394e-13
3.0000000000000001e-06	3.3362050839157506e-04	9.9866017619781133e-01	9.3051091471981211e-07	3.3613401176435910e-04	1.1245893308916301e-07	3.3517159353679501e-04	3.2148012558266794e-10	1.1281371845383237e-07	1.1884585262844462e-07	3.3339818081617973e-04	3.6567687765349595e-10	1.1221683805910428e-07	4.0910277936132722e-11	1.1189556637403547e-07	1.2608184780445133e-13	3.7662371546685503e-11
4.9999999999999996e-06	7.4371275752039060e-04	9.9700155921876277e-01	2.3938243471690273e-06	7.5618667590567784e-04	5.6236652115259204e-07	7.5142326793465513e-04	1.8510758303502676e-09	5.6992499759156271e-07	5.6938465584199049e-07	7.4189596149820854e-04	2.0513328822545517e-09	5.6269929852548412e-07	4.3473884268040386e-10	5.5915572704079660e-07	1.5841218876014894e-12	4.2409780822129583e-10
6.9999999999999999e-06	1.3029895224655132e-03	9.9471883925838489e-01	4.9825011721060576e-06	1.3417092748599650e-03	1.7432225383941055e-06	1.3269265025360722e-03	6.7962053164103669e-09	1.7898001903477594e-06	1.7237100234096439e-06	1.2958010513484418e-03	7.3054563159214597e-09	1.7478202775544982e-06	2.3188285519664762e-09	1.7285741967838238e-06	9.9572793138783961e-12	2.3315571982488633e-09
9.0000000000000002e-06	1.9959121220121359e-03	9.9185653964931031e-01	9.1859774951673737e-06	2.0886707857702249e-03	4.1430502349882544e-06	2.0532065571874322e-03	1.9384922689821766e-08	4.3236723533517463e-06	4.0126769110694333e-06	1.9756985741329093e-03	2.0167522674441887e-08	4.1604707683563172e-06	8.3589564516963017e-09	4.0898972972831346e-06	4.2544981373071570e-11	8.6125784816366007e-09
1.1000000000000000e-05	2.8030578592437320e-03	9.8847203206568390e-01	1.5559432317930435e-05	2.9915072679116772e-03	8.3004292950587640e-06	2.9192541535272990e-03	4.6725673039320053e-08	8.8347749176214571e-06	7.8638611751599805e-06	2.7569621941270477e-03	4.6980548599931894e-08	8.3436789457012514e-06	2.3344398037441028e-08	8.1424489421655247e-06	1.4107771429229386e-10	2.4642213871001606e-08
1.2999999999999999e-05	3.7018264666167327e-03	9.8463354242744305e-01	2.4672085005093967e-05	4.0433084699640796e-03	1.4745753597438377e-05	3.9118338063633606e-03	9.9467116351383807e-08	1.6063447137713257e-05	1.3625753688150048e-05	3.6108975508197931e-03	9.6504566195704147e-08	1.4827883139120060e-05	5.4377675363256112e-08	1.4346704599535611e-05	3.8911715749262274e-10	5.8913149964565569e-08
1.4999999999999999e-05	4.6671734845384390e-03	9.8041784042909919e-01	3.7051060482171004e-05	5.2360158554607215e-03	2.3939912143097611e-05	5.0157946038713631e-03	1.9204184975506756e-07	2.6786923380924373e-05	2.1498510551302868e-05	4.5061711504663145e-03	1.7944070225416674e-07	2.4065787115596335e-05	1.1043944149758400e-07	2.3056297339909941e-05	9.3032139198481216e-10	1.2313323486507128e-07
1.7000000000000000e-05	5.6723398759817630e-03	9.7590775433407051e-01	5.3124586693675950e-05	6.5606154401515694e-03	3.6215339533401121e-05	6.2143654203300419e-03	3.4229469916857515e-07	4.1775527007558841e-05	3.1481809092328155e-05	5.4104119189722754e-03	3.0727661070747720e-07	3.6372236904739454e-05	2.0125317946561800e-07	3.4459056113497336e-05	1.9806169252594592e-09	2.3165004109973096e-07
1.8999999999999998e-05	6.6895586137075214e-03	9.7118965257235679e-01	7.3168072156724133e-05	8.0073117647617466e-03	5.1723978802959825e-05	7.4894229646516076e-03	5.7036501422572910e-07	6.1746848886110549e-05	4.3347829523048318e-05	6.2918562910810154e-03	4.9052725995540424e-07	5.1876058751761949e-05	3.3555783989105274e-07	4.8534579174004688e-05	3.8257055005462116e-09	4.0015032599396490e-07
2.0999999999999999e-05	7.6907305146003370e-03	9.6635102089615765e-01	9.7256340491461230e-05	9.5656734939168660e-03	7.0396192464581390e-05	8.8217283279228564e-03	8.9678772701809759e-07	8.7319356001677094e-05	5.6643613526203148e-05	7.1209052397890379e-03	7.3661026064416265e-07	7.0489336051819641e-05	5.1907161868630579e-07	6.5033694376713001e-05	6.7964938386110270e-09	6.4372860063420338e-07
2.3000000000000000e-05	8.6480713551762654e-03	9.6147824060962228e-01	1.2522506053669238e-04	1.1224745927432474e-02	9.1914125626353654e-05	1.0191134822466870e-02	1.3398920245503770e-06	1.1896682420227160e-04	7.0722695223111059e-05	7.8714729378833899e-03	1.0477211191661932e-06	9.1897405237424432e-05	7.5255084098504117e-07	8.3482294900279175e-05	1.1219401486053270e-08	9.7455830649456508e-07
2.4999999999999998e-05	9.5347387848155052e-03	9.5665464293944813e-01	1.5664422897839817e-04	1.2973130497129394e-02	1.1570246439411929e-04	1.1576776010849726e-02	1.9127004471823856e-06	1.5697506696922824e-04	8.4801678962000138e-05	8.5220301175403818e-03	1.4191282418781895e-06	1.1557025101511534e-04	1.0303808923455198e-06	1.0320890297011977e-04	1.7345383410690582e-08	1.3995019632252328e-06
2.6999999999999999e-05	1.0325449857686356e-02	9.5195888077276314e-01	1.9080639181959171e-04	1.4799035528574657e-02	1.4093886447387715e-04	1.2957247202476435e-02	2.6196536982889268e-06	2.0140264328950179e-04	9.8034021332449835e-05	9.0562776729659813e-03	1.8382735174836922e-06	1.4079336785349591e-04	1.3400686438994204e-06	1.2339237091765778e-04	2.5269152613187719e-08	1.9180408340927872e-06
2.9000000000000000e-05	1.0997097939128300e-02	9.4746362568335052e-01	2.2673202897743712e-04	1.6690305736828878e-02	1.6658542510287813e-04	1.4310795907258091e-02	3.4535920298742520e-06	2.5204753156419656e-04	1.0959117193277680e-04	9.4634237442042871e-03	2.2849454422301785e-06	1.6671390839246742e-04	1.6628492846241416e-06	1.4312380056466783e-04	3.4856155905353731e-08	2.5208797819011157e-06
3.1000000000000001e-05	1.1529371826399019e-02	9.4323456897757829e-01	2.6319404188643363e-04	1.8634439843721592e-02	1.9144133154541161e-04	1.5615536632668422e-02	4.3934928169368859e-06	3.0842207324859115e-04	1.1874071211395349e-04	9.7380761146429306e-03	2.7326113082396699e-06	1.9239637813551558e-04	1.9754080431623832e-06	1.6147536585970750e-04	4.5697114094861846e-08	3.1894929188090597e-06
3.2999999999999996e-05	1.1905371282955305e-02	9.3932968326916333e-01	2.9876245688706735e-04	2.0618606292110066e-02	2.1421512270706808e-04	1.6849703127219690e-02	5.4034731123193161e-06	3.6973871400535857e-04	1.2491219912636641e-04	9.8797970393367171e-03	3.1507907157324716e-06	2.1688146638657740e-04	2.2524960927762776e-06	1.7756842528328839e-04	5.7107042233203645e-08	3.8967378556176421e-06
3.4999999999999997e-05	1.2112203362136087e-02	9.3579868767977625e-01	3.3186921873435234e-04	2.2629666411138078e-02	2.3361300233447167e-04	1.7991947082095203e-02	6.4334945571961321e-06	4.3490908902882623e-04	1.2774379705464490e-04	9.8923959825484142e-03	3.5081678942084958e-06	2.3924189084577809e-04	2.4700396512912176e-06	1.9063409629177440e-04	6.8177708624758760e-08	4.6085082050765667e-06
3.6999999999999998e-05	1.2141534599773270e-02	9.3268265585039234e-01	3.6089131550210199e-04	2.4654212817521982e-02	2.4843737990095234e-04	1.9021686942483559e-02	7.4220435241935167e-06	5.0255871506118871e-04	1.2710595695903653e-04	9.7830545651773418e-03	3.7760131824531166e-06	2.5863028991851767e-04	2.6082415887637759e-06	2.0006114134240793e-04	7.7881116406042771e-08	5.2862465574093766e-06
3.8999999999999999e-05	1.1990066990808334e-02	9.3001371108312358e-01	3.8424856807887502e-04	2.6678628667007754e-02	2.5768770761795191e-04	1.9919504473640371e-02	8.3008053567121664e-06	5.7105890255802544e-04	1.2310177571637929e-04	9.5613859346372239e-03	3.9314379328100101e-06	2.7431599546606951e-04	2.6541753154057871e-06	2.0542824241200983e-04	8.5209586266930324e-08	5.8900307424870010e-06
4.1000000000000000e-05	1.1659901881249476e-02	9.2781476567243759e-01	4.0051045172141231e-04	2.8689170962465489e-02	2.6065406921490651e-04	2.0667580695960596e-02	9.0010332928610496e-06	6.3857647846812674e-04	1.1604660241536555e-04	9.2385277035012762e-03	3.9600451391683797e-06	2.8570962917125517e-04	2.6034663338224524e-06	2.0652008851340401e-04	8.9328495903708014e-08	6.3818916209856257e-06
4.2999999999999995e-05	1.1158756209094079e-02	9.2609927966564043e-01	4.0850457961694761e-04	3.0672078804201426e-02	2.5699328554989510e-04	2.1250157298470723e-02	9.4609780133165586e-06	7.0314056668378398e-04	1.0643150015750056e-04	8.8263546697252455e-03	3.8576434230813895e-06	2.9237650956304514e-04	2.4608208462361268e-06	2.0332873267220873e-04	8.9713185674710090e-08	6.7290231575661241e-06
4.4999999999999996e-05	1.0499999990591749e-02	9.2487103535908177e-01	4.0741827413735902e-04	3.2613705468516989e-02	2.4677786445039321e-04	2.1654005090210832e-02	9.6334575238165105e-06	7.6272412523342215e-04	9.4876082456889858e-05	8.3368767512918170e-03	3.6308346069039108e-06	2.9404147269077572e-04	2.2393540049712924e-06	1.9604303899946378e-04	8.6243135157180622e-08	6.9065930689958828e-06
4.6999999999999997e-05	9.7024920455064268e-03	9.2412394516186636e-01	3.9688424503520888e-04	3.4500671641486132e-02	2.3051009894263979e-04	2.1868877741459136e-02	9.4924784160150795e-06	8.1533635404529585e-04	8.2076089079911584e-05	7.7818615283036267e-03	3.2964323710472353e-06	2.9058861710322940e-04	1.9588534544047525e-06	1.8502954571023117e-04	7.9233860198904447e-08	6.8999333603228319e-06
4.8999999999999998e-05	8.7902017016298385e-03	9.2384192961159850e-01	3.7704195278188128e-04	3.6320036018378347e-02	2.0909693251385480e-04	2.1887927155226462e-02	9.0378248259406926e-06	8.5912066281052814e-04	6.8750164124751324e-05	7.1726922948648587e-03	2.8797970266726343e-06	2.8205953514711508e-04	1.6432578196140677e-06	1.7080773127004948e-04	6.9398412456028691e-08	6.7059615704592316e-06
5.1000000000000000e-05	7.7916163877461116e-03	9.2399891724422867e-01	3.4856778986973709e-04	3.8059478711542416e-02	1.8378552640407140e-04	2.1708056342852493e-02	8.2967370511919855e-06	8.9245182657994332e-04	5.5589118211692062e-05	6.5204443321177138e-03	2.4122694843107192e-06	2.6865280101295288e-04	1.3177209799940741e-06	1.5402170870271566e-04	5.7743536694794718e-08	6.3337396797784500e-06
5.3000000000000001e-05	6.7389473875310918e-03	9.2455902709560334e-01	3.1266964208680913e-04	3.9707492340887982e-02	1.5606422242867143e-04	2.1330186640013429e-02	7.3221923879325854e-06	9.1402543143181167e-04	4.3209966915084416e-05	5.8361367274183040e-03	1.9279604874273170e-06	2.5072602694692922e-04	1.0056704088168025e-06	1.3540916198061600e-04	4.5417998258142412e-08	5.8041154751306899e-06
5.4999999999999995e-05	5.6671575598458215e-03	9.2547699671681616e-01	2.7104443817860079e-04	4.1253575153209827e-02	1.2753809975352720e-04	2.0759418447220589e-02	6.1878170829756932e-06	9.2293284215456354e-04	3.2116560023522038e-05	5.1310966418512492e-03	1.4602105101049466e-06	2.2879998155738210e-04	7.2625653410625882e-07	1.1576731384491168e-04	3.3540116719193717e-08	5.1484213010618662e-06
5.6999999999999996e-05	4.6128448321371461e-03	9.2669891307441510e-01	2.2580060684921534e-04	4.2688419910968257e-02	9.9791866645951462e-05	2.0005068362199709e-02	4.9800071486602569e-06	9.1871574891121892e-04	2.2668717947118074e-05	4.4173592330606672e-03	1.0380892180048704e-06	2.0356247598716482e-04	4.9253395671747289e-07	9.5915258055578106e-05	2.3036298139531507e-08	4.4062462033607838e-06
5.8999999999999998e-05	3.6130233768071210e-03	9.2816329044507118e-01	1.7935054204394610e-04	4.4004091566801525e-02	7.4254818526352381e-05	1.9080570533523224e-02	3.7883098826225187e-06	9.0139582167931241e-04	1.5062261108898443e-05	3.7080207949339514e-03	6.8334657668150996e-07	1.7586835963906216e-04	3.1061519115624665e-07	7.6652320573935355e-05	1.4521039052501561e-08	3.6223666047299910e-06
6.0999999999999999e-05	2.7038504668384063e-03	9.2980251884606946e-01	1.3428085829657804e-04	4.5194185954520849e-02	5.2082672428405513e-05	1.8003236215915996e-02	2.6954209276705099e-06	8.7147698374024816e-04	9.3227325438767999e-06	3.0174658771246624e-03	4.0824152287383812e-07	1.4673135173500317e-04	1.7989497824462770e-07	5.8713219005910051e-05	8.2410280874837066e-09	2.8430233269867797e-06
6.3000000000000000e-05	1.9193510582581376e-03	9.3154467978370703e-01	9.3210097022604181e-05	4.6253961035162071e-02	3.4069195836414077e-05	1.6793872680928353e-02	1.7682213661547009e-06	8.2992009980914895e-04	5.3154814152988267e-06	2.3614013362837538e-03	2.1463121003808279e-07	1.1730375514707786e-04	9.4268579324376644e-08	4.2722406164986337e-05	4.0924885253752258e-09	2.1118566230746134e-06
6.4999999999999994e-05	1.2901940948044665e-03	9.3331569502053402e-01	5.8644430079309957e-05	4.7180431864691716e-02	2.0596938276364404e-05	1.5476270538059436e-02	1.0511024102037464e-06	7.7809220549767061e-04	2.7737123184846462e-06	1.7566507764456662e-03	9.4581214093196150e-08	8.8841360240417830e-05	4.4086358102610283e-08	2.9151658245540207e-05	1.7043611608756132e-09	1.4659264655301359e-06
6.7000000000000002e-05	8.4257416204875334e-04	9.3504174128480000e-01	3.2841733679703335e-05	4.7972420651577835e-02	1.1631569525850989e-05	1.4076576691759730e-02	5.6243994857581773e-07	7.1769451578759206e-04	1.3439946056532057e-06	1.2206900545267544e-03	3.2550230811156957e-08	6.2652864777081415e-05	1.8439242223542310e-08	1.8286168741175388e-05	5.6435202750154931e-10	9.3231439733952403e-07
6.8999999999999997e-05	5.9724908147140688e-04	9.3665183262405116e-01	1.7693236208849211e-05	4.8630554268721725e-02	6.7590298658069812e-06	1.2622577968646785e-02	2.9456701993702047e-07	6.5067509958787546e-04	6.4580227873928308e-07	7.7093590322666712e-04	8.9347630732634704e-09	4.0035568648173592e-05	7.2993005835216271e-09	1.0204669633856490e-05	1.5475610813825199e-10	5.2579182146467506e-07
7.0999999999999991e-05	5.6877794734124562e-04	9.3808044602418805e-01	1.4629952931345351e-05	4.9157203503602948e-02	5.2596653580794827e-06	1.1142927134821623e-02	2.1705020587134878e-07	5.7913311359620613e-04	3.3848702949500423e-07	4.2383189601368632e-04	4.4800653073154459e-09	2.2201514660842870e-05	3.0781707584748254e-09	4.7781571095939069e-06	6.3731446003746886e-11	2.4793117683913945e-07
7.2999999999999999e-05	7.6499474936173777e-04	9.3927004844845619e-01	2.4558571153541737e-05	4.9556361161099099e-02	6.2094471855376099e-06	9.6663477817782034e-03	2.8260496189059490e-07	5.0522175559314744e-04	1.8645199385218141e-07	1.9380511100984535e-04	4.8388103617236658e-09	1.0200199921844113e-05	1.3165644808701350e-09	1.6896758123769278e-06	4.6217905882261725e-11	8.7840083668377917e-08
7.4999999999999993e-05	1.1867402422090921e-03	9.4017337742717022e-01	4.7828655776892299e-05	4.9833459701583427e-02	8.5957728328897620e-06	8.2208566751769581e-03	4.3466091894650177e-07	4.3105662739118325e-04	1.1197489296817567e-07	9.2189124546657473e-05	4.4512692894818686e-09	4.8451226895171679e-06	4.4813148261078158e-10	4.7464208661556919e-07	2.4661067455163997e-11	2.4448667006026265e-08
7.7000000000000001e-05	1.8278597983419128e-03	9.4075533442115711e-01	8.4230335044890349e-05	4.9995133079656695e-02	1.1434478321418717e-05	6.8330411497997982e-03	6.1545040128387922e-07	3.5863508902208983e-04	2.2569210830000893e-07	1.2622115738476257e-04	8.9705337434133386e-09	6.6515575652121937e-06	8.2877401527361276e-10	5.7792568306060319e-07	3.8185096764283691e-11	3.0028024659877944e-08
7.8999999999999996e-05	2.6754588584151197e-03	9.4099437052472135e-01	1.3301929963052296e-04	5.0048931420990414e-02	1.3875532856861872e-05	5.5274248690704852e-03	7.7354079331401295e-07	2.8977061413321755e-04	8.2736914587506772e-07	2.9822122428616174e-04	3.5667774365199803e-08	1.5792056028447843e-05	3.4155232056913645e-09	1.4210256866703468e-06	1.6396736142765783e-10	7.4416980030546540e-08
8.0999999999999990e-05	3.7103919698045947e-03	9.4088327611691380e-01	1.9296424006583831e-04	5.0003000680861859e-02	1.5287160612484807e-05	4.3259480487152710e-03	8.6992874452030407e-07	2.2604434554828015e-04	2.3739408468426902e-06	6.0504845702862692e-04	1.1159101490941620e-07	3.2074416493637713e-05	8.5583315965062383e-09	2.4707767997850809e-06	4.4153511869811706e-10	1.2932668645796729e-07
8.2999999999999998e-05	4.9079481618657661e-03	9.4042932671324930e-01	2.6241089951901063e-04	4.9865742063691744e-02	1.5311372435021526e-05	3.2475787914542451e-03	8.8210497642238509e-07	1.6877423491261885e-04	5.4171681728870414e-06	1.0379055353826356e-03	2.6965094304809740e-07	5.4944556594242919e-05	1.5308812884467917e-08	3.3005126212225659e-06	8.2755170046643197e-10	1.7209782027304509e-07
8.4999999999999993e-05	6.2386862658970086e-03	9.3965378227183172e-01	3.3935676431475018e-04	4.9645467465821283e-02	1.3887539915027901e-05	2.3080615420005305e-03	8.0582019784095133e-07	1.1900054326448961e-04	1.0518616392390125e-05	1.5825290979116489e-03	5.4318907593712635e-07	8.3514209978241202e-05	2.1470388465723911e-08	3.6356093729292456e-06	1.1967887985921313e-09	1.8839685129751789e-07
8.7000000000000001e-05	7.6693699442155717e-03	9.3859078178795652e-01	4.2153097914429167e-04	4.9350067417846255e-02	1.1244173656362454e-05	1.5197980685533288e-03	6.5458090209119095e-07	7.7485240904947731e-05	1.8153957146866655e-05	2.2197660352696307e-03	9.5987219914628192e-07	1.1661100796836194e-04	2.4369902927328250e-08	3.3776474840942417e-06	1.3885395419248431e-09	1.7352831178455710e-07
8.8999999999999995e-05	9.1639540439723242e-03	9.3728571453559906e-01	5.0647519229570978e-04	4.8986707007288903e-02	7.8620578209898566e-06	8.9184700587353872e-04	4.5714151742227141e-07	4.4722068219893225e-05	2.8620972390343983e-05	2.9264972400627068e-03	1.5358986081772539e-06	1.5284656896333694e-04	2.2095772200994015e-08	2.6046211170485992e-06	1.2820768462234327e-09	1.3226842300484418e-07
9.0999999999999989e-05	1.0684580916784304e-02	9.3579317993073208e-01	5.9162248019779373e-04	4.8561563265464354e-02	4.4140950518984162e-06	4.3002084624064286e-04	2.5342019972398975e-07	2.0953726801388195e-05	4.1965607618011084e-05	3.6768362296020910e-03	2.2714732588145445e-06	1.9069687669022562e-04	1.4791539942664183e-08	1.5481160726730631e-06	8.7469643297546101e-10	7.7349049847437888e-08
9.2999999999999997e-05	1.2192556171599814e-02	9.3417466711028740e-01	6.7437301343386570e-04	4.8079614809478428e-02	1.6885633460233330e-06	1.3705498122994650e-04	8.9351890675042818e-08	6.1928231565434089e-06	5.7937970620128932e-05	4.4435039753509716e-03	3.1483198578991978e-06	2.2858854441588374e-04	5.5602299654822778e-09	5.5156706486909318e-07	3.3421502401412905e-10	2.6903823144981703e-08
9.4999999999999992e-05	1.3649285965227069e-02	9.3249609187060567e-01	7.5216645796618100e-04	4.7544491480392741e-02	5.0306682456825877e-07	1.2822205026437304e-05	1.1219248022544815e-08	2.4370091573435599e-07	7.5985740818879913e-05	5.1992660609564033e-03	4.1296849978828473e-06	2.6498450755470200e-04	6.3099340882996285e-10	1.6096817306970431e-08	4.7011025995356016e-12	1.3069540752960554e-09
9.7000000000000000e-05	1.5017170128461458e-02	9.3082532305443255e-01	8.2255204284212790e-04	4.6958388625064192e-02	1.6164581462913672e-06	5.4567803445575073e-05	5.9989884000791710e-08	2.7230611978916220e-06	9.5286833129418504e-05	5.9183153370034767e-03	5.1629077683329038e-06	2.9846317412334026e-04	8.6354610032424163e-09	3.4171121544060639e-07	3.5743171151216355e-10	1.9880394229992063e-08
9.8999999999999994e-05	1.6260455052398259e-02	9.2922981461768039e-01	8.8325761798000314e-04	4.6322047775709384e-02	5.6456283069255713e-06	2.5714444741409498e-04	2.6615501660259673e-07	1.3078166167439443e-05	1.1481732434600837e-04	6.5774924311979626e-03	6.1842407960849271e-06	3.2778597644186582e-04	3.9081066872500037e-08	1.8716710280635412e-06	1.8947106592792320e-09	9.7919739959620420e-08
1.0100000000000000e-04	1.7346055687237294e-02	9.2777443623216183e-01	9.3225880035792440e-04	4.5634802940066138e-02	1.2993466609487150e-05	6.1323183706080413e-04	6.4552069502734805e-07	3.0602335232345792e-05	1.3344557489408109e-04	7.1572562942588958e-03	7.1252761671991551e-06	3.5194949036649123e-04	1.0032729864166317e-07	4.8467835819390567e-06	5.0279043001345853e-09	2.4440610809673738e-07
1.0300000000000000e-04	1.8244356358249871e-02	9.2651956771575661e-01	9.6784848053163358e-04	4.4894689586097915e-02	2.3793574104176979e-05	1.1135325619361770e-03	1.1963490369038018e-06	5.4448278669776807e-05	1.5003997024724364e-04	7.6423447667917617e-03	7.9201023364401054e-06	3.7021971024831939e-04	1.9751177386705858e-07	9.3744267702899571e-06	9.9591917035789590e-09	4.6064825817359656e-07
1.0499999999999999e-04	1.8929995390343159e-02	9.2551949423672608e-01	9.8870564251177804e-04	4.4098611672511306e-02	3.7876457684393112e-05	1.7469421429094575e-03	1.8981755080063983e-06	8.3640490025601875e-05	1.6357626993096649e-04	8.0220975413678001e-03	8.5122287329022705e-06	3.8214758663515517e-04	3.3090234522681654e-07	1.5414708648355181e-05	1.6597005983528794e-08	7.3995711549602586e-07
1.0700000000000000e-04	1.9382629633714777e-02	9.2482111318748872e-01	9.9396083450138434e-04	4.3242560673125555e-02	5.4760854064586208e-05	2.5006970148440492e-03	2.7125264676005814e-06	1.1708837608792194e-04	1.7323131837705910e-04	8.2904471609681618e-03	8.8603739912405304e-06	3.8756644809890867e-04	4.9506519492829844e-07	2.2783691050800485e-05	2.4527920147901171e-08	1.0683141054325713e-06
1.0899999999999999e-04	1.9587663495384124e-02	9.2446294227509185e-01	9.8325398364452294e-04	4.2321879379305899e-02	7.3672417603351295e-05	3.3605087910821454e-03	3.5856174555531421e-06	1.5360200051832307e-04	1.7845258622363775e-04	8.4456142773148505e-03	8.9424079599668524e-06	3.8657333055225866e-04	6.7906241226531455e-07	3.1171446966121975e-05	3.3054746603927052e-08	1.4258737397066469e-06
1.1100000000000000e-04	1.9536915055869904e-02	9.2447440327223973e-01	9.5677888654337553e-04	4.1331562251051931e-02	9.3590166324140499e-05	4.3106962180051072e-03	4.4529233464692155e-06	1.9191223290629568e-04	1.7899708906111362e-04	8.4895682687395526e-03	8.7570304148919026e-06	3.7949741090918484e-04	8.6767217168950740e-07	4.0171173101585480e-05	4.1295252613550308e-08	1.7890540624515937e-06
1.1300000000000000e-04	1.9229181460025713e-02	9.2487534761993762e-01	9.1530794342943502e-04	4.0266583153853994e-02	1.1331881502542852e-04	5.3343276675630212e-03	5.2452863723195759e-06	2.3069672887036805e-04	1.7493787642582466e-04	8.4273313023822856e-03	8.3231073513868349e-06	3.6685957013273332e-04	1.0434143868063965e-06	4.9314807754191086e-05	4.8322038341831640e-08	2.1329244503576503e-06
1.1499999999999999e-04	1.8670658961757191e-02	9.2567578840505416e-01	8.6019080351389479e-04	3.9122240425716867e-02	1.3158255696883061e-04	6.4133868710309037e-03	5.8959930887639681e-06	2.6861254242481133e-04	1.6664064748712150e-04	8.2662118343633916e-03	7.6769087077980843e-06	3.4932749263845046e-04	1.1890118057488886e-06	5.8110629943680292e-05	5.3315136239187607e-08	2.4336003624397674e-06
1.1700000000000000e-04	1.7875171182136874e-02	9.2687580718626206e-01	7.9332171544640290e-04	3.7894508363985238e-02	1.4713324528578767e-04	7.5289730238624585e-03	6.3480468537181125e-06	3.0433533905410188e-04	1.5471640340446887e-04	8.0150522093118889e-03	6.8677452792917875e-06	3.2767058187981236e-04	1.2898495762708138e-06	6.6079017934714683e-05	5.5696708939760634e-08	2.6703930185281324e-06
1.1899999999999999e-04	1.6864162962789624e-02	9.2846561227099811e-01	7.1707254459920484e-04	3.6580383439385737e-02	1.5886363894886810e-04	8.6615436139043447e-03	6.5607357649910568e-06	3.3660421398101032e-04	1.3995793459195831e-04	7.6835652005207977e-03	5.9526514916442635e-06	3.0271833339362125e-04	1.3360199991987885e-06	7.2783691263781755e-05	5.5221935518813284e-08	2.8275264302165905e-06
1.2100000000000000e-04	1.5666426477292248e-02	9.3042573568387432e-01	6.3419146847420288e-04	3.5178212904033404e-02	1.6591482927025381e-04	9.7912046033562013e-03	6.5145907268673786e-06	3.6427012722129229e-04	1.2326827123679485e-04	7.2818175087772906e-03	4.9907945454839105e-06	2.7532473034576625e-04	1.3236364144302977e-06	7.7857055295008627e-05	5.2010166291359528e-08	2.8953089679742641e-06
1.2299999999999998e-04	1.4317540048474211e-02	9.3272736751412122e-01	5.4767096374511018e-04	3.3687993057497242e-02	1.6776652646730272e-04	1.0898048204528306e-02	6.2139708529940337e-06	3.8634506569848985e-04	1.0558826716924978e-04	6.8198964055952108e-03	4.0382252457461383e-06	2.4633986524452153e-04	1.2552406601584142e-06	8.1019415288244797e-05	4.6513012369110136e-08	2.8707163970083568e-06
1.2500000000000000e-04	1.2859016887105935e-02	9.3533283699619407e-01	4.6059239294258891e-04	3.2111624384496287e-02	1.6429980972916517e-04	1.1962533716908618e-02	5.6868022009827122e-06	4.0204835989697980e-04	8.7828778956283875e-05	6.3077711540219378e-03	3.1434560192001017e-06	2.1658856237962007e-04	1.1392800783983738e-06	8.2092593526278458e-05	3.9428324256572478e-08	2.7573972172528453e-06
1.2700000000000000e-04	1.1337178919540324e-02	9.3819625815269825e-01	3.7595776193049272e-04	3.0453111198903864e-02	1.5582427757139885e-04	1.2965902039561838e-02	4.9813960127581824e-06	4.1084623540668268e-04	7.0811084103053376e-05	5.7553359700411640e-03	2.3441968494595516e-06	1.8685452958092289e-04	9.8876762171184451e-07	8.1008745864713261e-05	3.1578627994454543e-08	2.5651456832561322e-06
1.2899999999999999e-04	9.8017882470472790e-03	9.4126436290589599e-01	2.9652154928307389e-04	2.8718694433256354e-02	1.4306509302573078e-04	1.3890609862705636e-02	4.1607192364608026e-06	4.1248075687167672e-04	5.5217802545590839e-05	5.1725984709324671e-03	1.6654313737467893e-06	1.5786774423563984e-04	8.1934828897795986e-07	7.7814949996651207e-05	2.3778045118652445e-08	2.3089072570599060e-06
1.3099999999999999e-04	8.3044841149486452e-03	9.4447754525806604e-01	2.2463651090890916e-04	2.6916907891804429e-02	1.2710979236274099e-04	1.4720765526434204e-02	3.2949000600193846e-06	4.0698486525814225e-04	4.1555935793172198e-05	4.5699590063355564e-03	1.1188873673799847e-06	1.3029255337630293e-04	6.4707164173200265e-07	7.2673578292260704e-05	1.6712445232740117e-08	2.0073949027065906e-06
1.3300000000000001e-04	6.8970855554051974e-03	9.4777113573576022e-01	1.6212681882452705e-04	2.5058550695516577e-02	1.0931934320076405e-04	1.5442545483657781e-02	2.4530417294112639e-06	3.9468120058707763e-04	3.0133669762434489e-05	3.9585139031318049e-03	7.0384524019795640e-07	1.0471440820515059e-04	4.8621109712639459e-07	6.5857821594763160e-05	1.0853720095301003e-08	1.6814125644094860e-06
1.3500000000000000e-04	5.6298285692582915e-03	9.5107691543867934e-01	1.1019979671324545e-04	2.3156571799615232e-02	9.1212152190915462e-05	1.6044568586413073e-02	1.6955267086290071e-06	3.7616375689444946e-04	2.1052938024497521e-05	3.3503109439510736e-03	4.0912288742425307e-07	8.1624189130747918e-05	3.4747127390698063e-07	5.7741277139082708e-05	6.4213782910833138e-09	1.3520097389601727e-06
1.3700000000000000e-04	4.5496116741987865e-03	9.5432486388733595e-01	6.9404077632085712e-05	2.1225866306856273e-02	7.4332925266709895e-05	1.6518205356506981e-02	1.0678945178012776e-06	3.5226298881848282e-04	1.4219865887788039e-05	2.7584891710628842e-03	2.1596660240007905e-07	6.1400499452420897e-05	2.3687713250182108e-07	4.8780488815493430e-05	3.3944908754370039e-09	1.0386254199537319e-06
1.3899999999999999e-04	3.6983249263209238e-03	9.5744511523324149e-01	3.9637625785155703e-05	1.9282987704237212e-02	6.0120007611487091e-05	1.6857801236479963e-02	5.9708868107751335e-07	3.2399659019453160e-04	9.3745809108064071e-06	2.1972473716319798e-03	1.0147101073478041e-07	4.4291799591609903e-05	1.5553729230762355e-07	3.9489850997580530e-05	1.5663361130810077e-09	7.5740967372502906e-07
1.4099999999999998e-04	3.1113352227146070e-03	9.6037007483210046e-01	2.0204255355264689e-05	1.7345784897141687e-02	4.9784830317204359e-05	1.7060796627370214e-02	2.9044989073026097e-07	2.9250958691770377e-04	6.1401695229784860e-06	1.6816054101810808e-03	4.2068186538032955e-08	3.0401461096558355e-05	1.0032319906177742e-07	3.0409319817794091e-05	6.2528173066895274e-10	5.1992090342478512e-07
1.4300000000000001e-04	2.8161948585044608e-03	9.6303662495407982e-01	9.9126181130789779e-06	1.5432977685606088e-02	4.4215382690027538e-05	1.7127732184596883e-02	1.3736907418667459e-07	2.5900843634579410e-04	4.0878348235762974e-06	1.2269479967225692e-03	1.6599261152147809e-08	1.9679419069708916e-05	6.5326733127218655e-08	2.2066721120788617e-05	2.4077270065738708e-10	3.3237248338321699e-07
1.4500000000000000e-04	2.8316309302887414e-03	9.6538832732417612e-01	7.2076660723055894e-06	1.3563688716822963e-02	4.3912487348007038e-05	1.7062135006039984e-02	1.1309709348242370e-07	2.2469435809197548e-04	2.8120221573335693e-06	8.4836871360312977e-04	8.5386485457314825e-09	1.1923887473832159e-05	4.3788670441682488e-08	1.4937791004597212e-05	1.3413112298145227e-10	1.9553837461563368e-07
1.4700000000000000e-04	3.1668602907604783e-03	9.6737751425681107e-01	1.0321777462746431e-05	1.1756953494363464e-02	4.8963562552680991e-05	1.6870289418054452e-02	1.8391389656142287e-07	1.9070106388580012e-04	2.0061947265553530e-06	5.5985978580845141e-04	7.0895632939636030e-09	6.7955410596715035e-06	3.0074082090887444e-08	9.4080864142117259e-06	1.2003027889402993e-10	1.0533052513695971e-07
1.4899999999999999e-04	3.8212586426194504e-03	9.6896715212088169e-01	1.7431361308627446e-05	1.0031232266109334e-02	5.9054120697721106e-05	1.6560904270904463e-02	3.1273425862970331e-07	1.5804142201464191e-04	1.5279466126120358e-06	3.7341662578426599e-04	7.0889639821715520e-09	3.8448185261651152e-06	2.1246261123425989e-08	5.7412707182135187e-06	1.1407290401560958e-10	5.3950263262336339e-08
1.5099999999999998e-04	4.7843937066633993e-03	9.7013236274580850e-01	2.6804934650894911e-05	8.4039481623501520e-03	7.3513103275704516e-05	1.6144696125521021e-02	4.6427595206704753e-07	1.2756648455974285e-04	1.4419890433693450e-06	2.9814242070468598e-04	7.9024468101318908e-09	2.5508852633964881e-06	1.7874191462503372e-08	4.0578604404024171e-06	1.1182292043903505e-10	3.1417301228916242e-08
1.5300000000000001e-04	6.0364124240433357e-03	9.7086150099442037e-01	3.6930302150749821e-05	6.8910745796798428e-03	9.1384837898734342e-05	1.5633913608498390e-02	6.0910889258981274e-07	9.9938890295468239e-05	2.0316299827340230e-06	3.3944460723117761e-04	1.1692965638525849e-08	2.3687266363371707e-06	2.3885532064376922e-08	4.3273419426710906e-06	1.5178699172840062e-10	2.7218038419089758e-08
1.5500000000000000e-04	7.5487525602510406e-03	9.7115670952073563e-01	4.6611282497778484e-05	5.5067914906115761e-03	1.1151830037398699e-04	1.5041831855202300e-02	7.2618467372013991e-07	7.5621136701836347e-05	3.7735746821652811e-06	4.9841087641027803e-04	2.1555520005597601e-08	2.7792426019733313e-06	4.5504611596064974e-08	6.3748326651798138e-06	2.7719735348184124e-10	3.1805257319597765e-08
1.5699999999999999e-04	9.2851318698497030e-03	9.7103390273452028e-01	5.5028004918812471e-05	4.2632253389546159e-03	1.3266363298842929e-04	1.4382246954088500e-02	8.0374937384840396e-07	5.4877795623820499e-05	7.2765751961027309e-06	7.7143767902296560e-04	3.9992217162968422e-08	3.3364094550788872e-06	8.9533760905051133e-08	9.9014953498971908e-06	5.0880352406025968e-10	3.7725868386909517e-08
1.5899999999999999e-04	1.1202755130726546e-02	9.7052216809827763e-01	6.1758658508631183e-05	3.1702809292684818e-03	1.5356644036262877e-04	1.3668998599986404e-02	8.3880921367960840e-07	3.7789599473676036e-05	1.3190624441398458e-05	1.1501607672130050e-03	6.8063725239447970e-08	3.7057321572888992e-06	1.6138914212257766e-07	1.4516082868411602e-05	8.3479175237622107e-10	4.0239835809026286e-08
1.6099999999999998e-04	1.3253672427579090e-02	9.6966261029196887e-01	6.6764242666357941e-05	2.2355668838281127e-03	1.7305199600652294e-04	1.2915545067267008e-02	8.3550717623757662e-07	2.4276560172876075e-05	2.2098830977216387e-05	1.6217079631865568e-03	1.0533461928434982e-07	3.6893069792695911e-06	2.6335112490039114e-07	1.9773619779828044e-05	1.2169819550198558e-09	3.7399677942250399e-08
1.6300000000000000e-04	1.5386221857615991e-02	9.6850669859642624e-01	7.0340946590864511e-05	1.4644095517809426e-03	1.9009376181283857e-04	1.2134608730351030e-02	8.0286117833308508e-07	1.4126942188955268e-05	3.4407730674016982e-05	2.1692626594705402e-03	1.5049445971857595e-07	3.2346464837436171e-06	3.9342613906870911e-07	2.5216526888003947e-05	1.6071066706317984e-09	2.9660825688962511e-08
1.6500000000000000e-04	1.7546496162898963e-02	9.6711420663909609e-01	7.3047023446295829e-05	8.5994441122552658e-04	2.0386312466457427e-04	1.1337903481902334e-02	7.5231528663151362e-07	7.0289673214784088e-06	5.0252840187372284e-05	2.7728962987656762e-03	2.0234947197051055e-07	2.4266565774454723e-06	5.4506404443406224e-07	3.0413532855577586e-05	1.9647888870986723e-09	1.9167460509031110e-08
1.6699999999999999e-04	1.9679784458337471e-02	9.6555085392387818e-01	7.5612323681918298e-05	4.2326957082422316e-04	2.1375960406029497e-04	1.0535948373379364e-02	6.9548563162533152e-07	2.6025032310256054e-06	6.9434484611723580e-05	3.4106027137186688e-03	2.6079052609249700e-07	1.4644128056011817e-06	7.0777617035318180e-07	3.4992415158053029e-05	2.2699664292681459e-09	8.8940108825657875e-09
1.6899999999999999e-04	2.1731955163948553e-02	9.6388576905609014e-01	7.8839064766586498e-05	1.5364331029178575e-04	2.1942269623269093e-04	9.7379653925320116e-03	6.4237091190656287e-07	4.2857098656872207e-07	9.1394629687417754e-05	4.0594494427775981e-03	3.2737082441726534e-07	6.2629648161066690e-07	8.6850543407772347e-07	3.8663785365282389e-05	2.5259318720994547e-09	1.8177280958816188e-09
1.7099999999999998e-04	2.3650761891413557e-02	9.6218889528121110e-01	8.3502105062004684e-05	4.8706814236403281e-05	2.2072783708832998e-04	8.9518540770024205e-03	6.0017251029847218e-07	7.5183661479206383e-08	1.1523937619897211e-04	4.6967526541538190e-03	4.0525690123164964e-07	2.2834289125729507e-07	1.0134554803756040e-06	4.1234538497216706e-05	2.7532430083866709e-09	2.6043853977217072e-10
1.7300000000000000e-04	2.5387067727984960e-02	9.6052845103174778e-01	9.0256177118075019e-05	1.0471423473295657e-04	2.1776966109614596e-04	8.1842319770951879e-03	5.7275428376972988e-07	1.1186962097278877e-06	1.3980499213901712e-04	5.3011836121485212e-03	4.9850782751746311e-07	5.8117221115777792e-07	1.1300174036919337e-06	4.2610978854625753e-05	2.9779788061480663e-09	5.4811574201179682e-09
1.7500000000000000e-04	2.6895992829224554e-02	9.5896854362000983e-01	9.9556437250700240e-05	3.1675466030563275e-04	2.1083588342227897e-04	7.4405279042579512e-03	5.6068150241611130e-07	3.1604307367441243e-06	1.6375901992928183e-04	5.8537250727893056e-03	6.1083493224489207e-07	1.9506060434842000e-06	1.2084457866885984e-06	4.2792813869757727e-05	3.2192463254455820e-09	1.7540684780958362e-08
1.7699999999999999e-04	2.8137993954839773e-02	9.5756701549729772e-01	1.1159747133840675e-04	6.7895404649146980e-04	2.0037488192037380e-04	6.7251142932413313e-03	5.6171809322358911e-07	5.8387962679690150e-06	1.8572313374037709e-04	6.3384139846097169e-03	7.4414520658847347e-07	4.5261309785072873e-06	1.2430168070001191e-06	4.1860041506992439e-05	3.4803564422643685e-09	3.5407296172926338e-08
1.7899999999999999e-04	2.9079882041425916e-02	9.5637358216885904e-01	1.2627465330301968e-04	1.1846491998763929e-03	1.8695957288143288e-04	6.0414655636798278e-03	5.7163047488740388e-07	8.8374328946452421e-06	2.0440177099302978e-04	6.7428300668402026e-03	8.9723911302319374e-07	8.3999607148723224e-06	1.2325236255744411e-06	3.9955191737317138e-05	3.7462162061698107e-09	5.7237355774155241e-08
1.8099999999999998e-04	2.9695775668977669e-02	9.5542830117777078e-01	1.4317049784562481e-04	1.8265300424822088e-03	1.7124961850788345e-04	5.3923307045505367e-03	5.8513995678881014e-07	1.1890084130422853e-05	2.1870044700414009e-04	7.0583155197714020e-03	1.0650051757186998e-06	1.3557825523766104e-05	1.1800973016780835e-06	3.7263434842759042e-05	3.9871086742080357e-09	8.0749041244392359e-08
1.8300000000000000e-04	2.9967975903519895e-02	9.5476039427612314e-01	1.6156734220982276e-04	2.5967502193902036e-03	1.5395349979680195e-04	4.7799100253677956e-03	5.9687744912068048e-07	1.4782959981420379e-05	2.2781995857738146e-04	7.2799365113624202e-03	1.2383421647071361e-06	1.9881042951359603e-05	1.0924573177940080e-06	3.3992807083017045e-05	4.1670010231088559e-09	1.0360969460975533e-07
1.8500000000000000e-04	2.9887733791284964e-02	9.5438743102171031e-01	1.8048627340168171e-04	3.4870093450131306e-03	1.3579161562150870e-04	4.2060277747397968e-03	6.0221787405910825e-07	1.7355324036716668e-05	2.3131685956606074e-04	7.4062196499719846e-03	1.4048773908615822e-06	2.7158122275831489e-05	9.7877512182169599e-07	3.0356325780778533e-05	4.2534029007896344e-09	1.2377279831792785e-07
1.8699999999999999e-04	2.9455868431712929e-02	9.5431487188856068e-01	1.9875064980050174e-04	4.4886126112273564e-03	1.1746136116521238e-04	3.6722938678740023e-03	5.9790220311638304e-07	1.9498947750603009e-05	2.2912582151650443e-04	7.4387143567580293e-03	1.5503787664617215e-06	3.5103287441861592e-05	8.4936843909174737e-07	2.6557177959467851e-05	4.2257532013315217e-09	1.3972306124204207e-07
1.8899999999999999e-04	2.8683183724043177e-02	9.5453596224757042e-01	2.1507086855795200e-04	5.5925150019806129e-03	9.9605090723959940e-05	3.1802491539908947e-03	5.8238900256341968e-07	2.1156946695628738e-05	2.2154481680157153e-04	7.3814435011808569e-03	1.6606189345795862e-06	4.3378945548650821e-05	7.1443548034875719e-07	2.2777567665255398e-05	4.0801507461998719e-09	1.5061166293552546e-07
1.9099999999999998e-04	2.7590627770996440e-02	9.5503196449531380e-01	2.2814529699138997e-04	6.7893579597810170e-03	8.2781945110037871e-05	2.7314894749149673e-03	5.5591255446744366e-07	2.2322364224301236e-05	2.0918858023960660e-04	7.2403091751385524e-03	1.7233698045149721e-06	5.1619269269382143e-05	5.8299654470758997e-07	1.9171275762385888e-05	3.8295541345794818e-09	1.5628379142453882e-07
1.9300000000000000e-04	2.6209141939610197e-02	9.5577271319289214e-01	2.3677068368800969e-04	8.0695060876521812e-03	6.7444665225899648e-05	2.3277643025273022e-03	5.2025963681987149e-07	2.3036710496233059e-05	1.9291885470110507e-04	7.0225180559432034e-03	1.7301951865866871e-06	5.9452611691515751e-05	4.6215012616233018e-07	1.5859576104406186e-05	3.4999076783181778e-09	1.5721460219855483e-07
1.9500000000000000e-04	2.4579157110841101e-02	9.5671747632183546e-01	2.3995410599953612e-04	9.4230904612605648e-03	5.3922650724818915e-05	1.9710461537501833e-03	4.7831072013776553e-07	2.3388509477802879e-05	1.7376120622645527e-04	6.7360820488084885e-03	1.6777599241356000e-06	6.6521281797363719e-05	3.5668609443656297e-07	1.2929891896282089e-05	3.1236506217557611e-09	1.5437698373558535e-07
1.9699999999999999e-04	2.2749712009690070e-02	9.5781610383414084e-01	2.3701781173603897e-04	1.0840063530302925e-02	4.2412580473433263e-05	1.6635674608132614e-03	4.3342219053792344e-07	2.3511763076798092e-05	1.5281780949412256e-04	6.3894359034712828e-03	1.5684654325168615e-06	7.2498097718761301e-05	2.6904162751578192e-07	1.0436471254467561e-05	2.7325505197882536e-09	1.4906601867415236e-07
1.9899999999999999e-04	2.0777191058079084e-02	9.5901044199170327e-01	2.2768834565200778e-04	1.2310268599234418e-02	3.2977817007563944e-05	1.4078223083913649e-03	3.8875205395299599e-07	2.3584120581034317e-05	1.3118400817254693e-04	5.9911957509615650e-03	1.4103292076677021e-06	7.7099923018716094e-05	1.9954340375317821e-07	8.4023979865625937e-06	2.3517504440228831e-09	1.4270278717500100e-07
2.0099999999999998e-04	1.8723704615585604e-02	9.6023598825280043e-01	2.1216219850544866e-04	1.3823524708698716e-02	2.5557510631713992e-05	1.2065315777481751e-03	3.4664936499029027e-07	2.3824454338691487e-05	1.0987430272996463e-04	5.5500627792920672e-03	1.2161291588417868e-06	8.0098930037995542e-05	1.4685418576156651e-07	6.8224039520919082e-06	1.9964329393227969e-09	1.3663652660765922e-07
2.0300000000000000e-04	1.6655160137020952e-02	9.6142375658920931e-01	1.9114184560483231e-04	1.5369725608960851e-02	1.9985766192936499e-05	1.0625716222776801e-03	3.0823365824446259e-07	2.4489499878908420e-05	8.9761372613009603e-05	5.0748565337907347e-03	1.0019212682360625e-06	8.1332532211114128e-05	1.0853156095195180e-07	5.6661728000819306e-06	1.6717360316795170e-09	1.3196120569375990e-07
