9.9999999999999995e-07	9.9968596332695281e-01	7.8436552278876012e-05	7.8587859739013812e-05	6.1660970067364935e-09	7.8530714562065018e-05	6.1616134696463651e-09	6.1734994598998378e-09	4.8438011494653132e-13	7.8444559498651507e-05	6.1548536392845708e-09	6.1667266227352093e-09	4.8384870996892817e-13	6.1622426125580629e-09	4.8349690029691799e-13	4.8442958509871129e-13	3.8008921762501739e-17
3.0000000000000001e-06	9.9875503928658904e-01	3.1009228767836348e-04	3.1249204194314448e-04	9.7022125071671677e-08	3.1158446198982791e-04	9.6740376294682728e-08	9.7489028092408280e-08	3.0268267277920954e-11	3.1021039939775039e-04	9.6313758657777934e-08	9.7059117251032623e-08	3.0134789020664712e-11	9.6777257314325787e-08	3.0047288530583973e-11	3.0279818273061318e-11	9.4012387323064123e-15
4.9999999999999996e-06	9.9723303258046458e-01	6.8601312514247805e-04	6.9803046093453185e-04	4.8018582110406826e-07	6.9347370070442656e-04	4.7705204074120639e-07	4.8540870900576023e-07	3.3392006363195230e-10	6.8657582712575800e-04	4.7230687250469194e-07	4.8058062507892242e-07	3.3059874615469333e-10	4.7744417338231416e-07	3.2844174223900618e-10	3.3419519091326511e-10	2.2989796846341953e-13
6.9999999999999999e-06	9.9515693398222138e-01	1.1929681005374460e-03	1.2304515003171339e-03	1.4750243596931783e-06	1.2161851168031076e-03	1.4579308339245940e-06	1.5037378620301794e-06	1.8026308803027142e-09	1.1946482602547750e-03	1.4321129559115304e-06	1.4771108090063230e-06	1.7707111809705687e-09	1.4599921480871937e-06	1.7502001543407025e-09	1.8051906059185569e-09	2.1640021973909408e-12
9.0000000000000002e-06	9.9257364723543517e-01	1.8139931470178155e-03	1.9041018342985732e-03	3.4798202468161701e-06	1.8696381448177497e-03	3.4168853830508587e-06	3.5866072948413033e-06	6.5546637411754190e-09	1.8178767028564149e-03	3.3222876752068237e-06	3.4873222798418255e-06	6.3732159232036590e-09	3.4242458965795664e-06	6.2580309148094327e-09	6.5688816954740311e-09	1.2004883184971804e-11
1.1000000000000000e-05	9.8953851717803365e-01	2.5290285483678602e-03	2.7126049749650084e-03	6.9325752197963553e-06	2.6419690238966868e-03	6.7522520601230179e-06	7.2423441206736208e-06	1.8509176298104508e-08	2.5366711828189062e-03	6.4831343940449299e-06	6.9537408118457378e-06	1.7771592826418022e-08	6.7728411178721150e-06	1.7309783363854174e-08	1.8566190166106423e-08	4.7449380638118964e-11
1.2999999999999999e-05	9.8611372518740259e-01	3.3156178418491675e-03	3.6490403507163510e-03	1.2268516088213032e-05	3.5198254362423290e-03	1.1834731260632587e-05	1.3024717282053329e-05	4.3790660266696287e-08	3.3290979487341607e-03	1.1193443709963582e-05	1.2319103570055439e-05	4.1418288973661726e-08	1.1883437215609582e-05	3.9955726463673951e-08	4.3973407672956976e-08	1.4784375518109585e-10
1.4999999999999999e-05	9.8236661444554030e-01	4.1496381840026575e-03	4.7061136286550408e-03	1.9877322234634849e-05	4.4886585928037561e-03	1.8960635645653170e-05	2.1502934054008982e-05	9.0822382158256724e-08	4.1716181582622395e-03	1.7621410294747223e-05	1.9984571341603288e-05	8.4409197584796720e-08	1.9062656977988899e-05	8.0522866238726101e-08	9.1320029959555807e-08	3.8570979921288729e-10
1.7000000000000000e-05	9.7836800069353957e-01	5.0060360880758393e-03	5.8763104100225498e-03	3.0062865877565501e-05	5.5330022620940257e-03	2.8310796116288336e-05	3.3231582249125142e-05	1.7001067741923779e-07	5.0398387578586357e-03	2.5787400657606619e-05	3.0270630650752642e-05	1.5486250671354109e-07	2.8505700450447016e-05	1.4585527298752695e-07	1.7120806010611757e-07	8.7588793329443864e-10
1.8999999999999998e-05	9.7419051523651623e-01	5.8595472485906174e-03	7.1520271620215091e-03	4.3007907280948460e-05	6.6367313384971833e-03	3.9918447992388262e-05	4.8721500060962721e-05	2.9298076510937222e-07	5.9092469407369674e-03	3.5542755977952465e-05	4.3383133900498519e-05	2.6087882486653198e-07	4.0264912872701733e-05	2.4218372828368890e-07	2.9559471398949347e-07	1.7775174105556558e-09
2.0999999999999999e-05	9.6990701716136452e-01	6.6853841559234460e-03	8.5256751170175553e-03	5.8745775985942774e-05	7.7832957769310065e-03	5.3648639731490931e-05	6.8412348370321734e-05	4.7139109655330362e-07	6.7559035676518775e-03	4.6566970308141710e-05	5.9386429483775147e-05	4.0919778907307990e-07	5.4229726042570851e-05	3.7379272965069088e-07	4.7666515269013659e-07	3.2844182992756090e-09
2.3000000000000000e-05	9.6558910212172788e-01	7.4598797488209375e-03	9.9897547141961536e-03	7.7140639126574510e-05	8.9559287817396437e-03	6.9190837307623890e-05	9.2647487673169028e-05	7.1541938214239054e-07	7.5570757947215853e-03	5.8383596171772681e-05	7.8184985997939433e-05	6.0373900899334802e-07	7.0119429274576264e-05	5.4171879008878198e-07	7.2538470505188010e-07	5.6013523992729527e-09
2.4999999999999998e-05	9.6130572649835955e-01	8.1610790061890977e-03	1.1536899863314590e-02	9.7877533139610840e-05	1.0137830794031332e-02	8.6065486808254484e-05	1.2165164147250206e-04	1.0320721676444095e-06	8.2917944281302464e-03	7.0393295071119707e-05	9.9514363464560691e-05	8.4425993359833098e-07	8.7489239881641910e-05	7.4273745857368635e-07	1.0498736933150012e-06	8.9068808703570861e-09
2.6999999999999999e-05	9.5712195885657203e-01	8.7692728979690774e-03	1.3159892805411157e-02	1.2046292107041101e-04	1.1312332913202239e-02	1.0364437604222764e-04	1.5551176619566477e-04	1.4235147067068018e-06	8.9413268059257631e-03	8.1920741873541848e-05	1.2294186568344496e-04	1.1253720928214359e-06	1.0574919764139239e-04	9.6887160494630993e-07	1.4537865610265111e-06	1.3307443830729176e-08
2.9000000000000000e-05	9.5309786569839527e-01	9.2674704615308256e-03	1.4851651604815552e-02	1.4423612501087671e-04	1.2463044828529607e-02	1.2118372317355753e-04	1.9416153965638749e-04	1.8856432683044220e-06	9.4895609363772823e-03	9.2270747916107528e-05	1.4787674395035932e-04	1.4361273136703158e-06	1.2419455014882119e-04	1.2075826855489575e-06	1.9348963140868085e-06	1.8790909274442731e-08
3.1000000000000001e-05	9.4928753556848899e-01	9.6418050874551992e-03	1.6605193338866779e-02	1.6839155501777113e-04	1.3573993102063463e-02	1.3786803695329812e-04	2.3736991184872936e-04	2.4071233021067675e-06	9.9233009118853306e-03	1.0078808924066115e-04	1.7358942313562214e-04	1.7603194354567219e-06	1.4204555897385371e-04	1.4427003636744834e-06	2.4840828213929402e-06	2.5190143056214237e-08
3.2999999999999996e-05	9.4573824440651844e-01	9.8818706632113843e-03	1.8413576886906004e-02	1.9201119532030652e-04	1.4629755758995361e-02	1.5286196899872817e-04	2.8473421288084937e-04	2.9690908932404870e-06	1.0232477052447194e-02	1.0691517645563036e-04	1.9923888596221062e-04	2.0775523741189552e-06	1.5849406226899868e-04	1.6560209841591463e-06	3.0848985011909884e-06	3.2167278449515993e-08
3.4999999999999997e-05	9.4248976525632289e-01	9.9809823894332472e-03	2.0269829897191626e-02	2.1410630653598823e-04	1.5615598662356560e-02	1.6536665944094620e-04	3.3567835871759898e-04	3.5456606886441189e-06	1.0410276676053130e-02	1.1024190465349841e-04	2.2390707230367956e-04	2.3650141734074058e-06	1.7275369379090381e-04	1.8293831262465851e-06	3.7138383392603404e-06	3.9226869445397643e-08
3.6999999999999998e-05	9.3957382654875332e-01	9.9363562271202362e-03	2.2166865063421807e-02	2.3366676322113814e-04	1.6517618149783315e-02	1.7467652513243482e-04	3.8945671063978410e-04	4.1053030511458223e-06	1.0453202788565936e-02	1.1054275816282428e-04	2.4663891558076765e-04	2.5997842515897541e-06	1.8411039436852690e-04	1.9469308665144487e-06	4.3413759284780362e-06	4.5761149128319112e-08
3.8999999999999999e-05	9.3701372463528776e-01	9.7492004026659852e-03	2.4097391290393063e-02	2.4971589030828756e-04	1.7322892975694535e-02	1.8023212722047998e-04	4.4516410516754574e-04	4.6130525010869067e-06	1.0361068358499670e-02	1.0779745636176783e-04	2.6648643553699083e-04	2.7614042774198705e-06	1.9196977210621379e-04	1.9972218150039266e-06	4.9337481698702624e-06	5.1123992341528620e-08
4.1000000000000000e-05	9.3482409754579676e-01	9.4247124721999805e-03	2.6053825668212238e-02	2.6136812756515017e-04	1.8019646824529240e-02	1.8166475448360604e-04	5.0175245819418643e-04	5.0333985849670345e-06	1.0136933300646325e-02	1.0219301249513252e-04	2.8255512629092724e-04	2.8343782231632688e-06	1.9589798383681526e-04	1.9748403399770712e-06	5.4553853318873201e-06	5.4723268634326701e-08
4.2999999999999995e-05	9.3301086762160379e-01	8.9719763178086696e-03	2.8028212380322392e-02	2.6788638971661716e-04	1.8597420641494861e-02	1.7882872707884355e-04	5.5805414768584261e-04	5.3336029052299727e-06	9.7869900222294984e-03	9.4106898563145016e-05	2.9405071674472972e-04	2.8102472568823450e-06	1.9565313174270863e-04	1.8812400835867718e-06	5.8717990309114366e-06	5.6115731061561390e-08
4.4999999999999996e-05	9.3157136037469868e-01	8.4037552054087878e-03	3.0012154696139381e-02	2.6873566093509992e-04	1.9047251883360278e-02	1.7181818748819304e-04	6.1281209024558402e-04	5.4870981932675718e-06	9.3204016385580249e-03	8.4072896921373602e-05	3.0032424116785075e-04	2.6889177822815823e-06	1.9120469859932232e-04	1.7246561837585781e-06	6.1526683306842718e-06	5.5085986581294892e-08
4.6999999999999997e-05	9.3049460540098439e-01	7.7361796673708046e-03	3.1996765985480326e-02	2.6362922589231449e-04	1.9361855659835798e-02	1.6096628195665048e-04	6.6471605609926248e-04	5.4765730384947308e-06	8.7490950431229134e-03	7.2732987049004821e-05	3.0091325401707163e-04	2.4790060864676754e-06	1.8273927465910342e-04	1.5190781122224709e-06	6.2748138237622436e-06	5.1692470631295543e-08
4.8999999999999998e-05	9.2976182230965143e-01	6.9883323821361759e-03	3.3972645178767719e-02	2.5256404665684125e-04	1.9535800773892675e-02	1.4682607492518879e-04	7.1244433508738830e-04	5.2963422960622981e-06	8.0875092440988710e-03	6.0780077906558663e-05	2.9557697634629686e-04	2.1970921186162822e-06	1.7065173455532205e-04	1.2824322264179873e-06	6.2247304895557034e-06	4.6268845230241603e-08
5.1000000000000000e-05	9.2934709042925900e-01	6.1817362313147739e-03	3.5929881235285864e-02	2.3584217904453703e-04	1.9565672051411988e-02	1.3013415815215902e-04	7.5470940593602698e-04	4.9536554499314493e-06	7.3522980714479259e-03	4.8897386615298786e-05	2.8432319953839287e-04	1.8659310841402230e-06	1.5552205932303073e-04	1.0342592413505493e-06	6.0003689541147967e-06	3.9377942309178055e-08
5.3000000000000001e-05	9.2921819564636299e-01	5.3397560844336599e-03	3.7858089947335430e-02	2.1407579206666016e-04	1.9450209255592786e-02	1.1175955212722347e-04	7.9030581602701467e-04	4.4687021642583848e-06	6.5619857896243167e-03	3.7700657996785688e-05	2.6742492610912222e-04	1.5118316849500311e-06	1.3807910027164246e-04	7.9325881093582643e-07	5.6119139675468334e-06	3.1725425575085536e-08
5.4999999999999995e-05	9.2933764137563857e-01	4.4869293097035074e-03	3.9746484813011601e-02	1.8817428805417472e-04	1.9190412473619880e-02	9.2641965474291860e-05	8.1815809966548901e-04	3.8732253862226206e-06	5.7365745168270138e-03	2.7689151076982883e-05	2.4542502448625164e-04	1.1615479126266629e-06	1.1915366133395329e-04	5.7509293186354309e-07	5.0814055262357455e-06	2.4049352042468471e-08
5.6999999999999996e-05	9.2966380371089585e-01	3.6482442233790545e-03	4.1583981810479134e-02	1.5931316500593661e-04	1.8789604267696037e-02	7.3724597828145035e-05	8.3736630133268654e-04	3.2078284530404278e-06	4.8971037438624290e-03	1.9210394113881877e-05	2.1912763289155097e-04	8.3912267759173831e-07	9.9624233873190556e-05	3.9078681891779336e-07	4.4411732327114800e-06	1.7007460512382465e-08
5.8999999999999998e-05	9.3015220371436791e-01	2.8483893454602392e-03	4.3359335804156796e-02	1.2888553316353529e-04	1.8253440162318356e-02	5.5887294038262734e-05	8.4724657271783134e-04	2.5182383903991965e-06	4.0651646301422531e-03	1.2442211869187161e-05	1.8957566874811685e-04	5.6314764561075447e-07	8.0359448297061088e-05	2.4595009201865857e-07	3.7311938821735376e-06	1.1084710343894255e-08
6.0999999999999999e-05	9.3075686308289107e-01	2.1109991078769375e-03	4.5061304152039725e-02	9.8438488168252724e-05	1.7589861174291423e-02	3.9885889208689166e-05	8.4736441123477700e-04	1.8509356861448788e-06	3.2623749664516823e-03	7.3936124944200043e-06	1.5801456550320768e-04	3.4485586545717350e-07	6.2161715859642401e-05	1.4088575037163838e-07	2.9956176985233421e-06	6.5389792973311711e-09
6.3000000000000000e-05	9.3143170362982519e-01	1.4579232764309884e-03	4.6678831037767522e-02	6.9597734354426502e-05	1.6808984967073889e-02	2.6303004485420446e-05	8.3755841605621505e-04	1.2486569446543985e-06	2.5098244478322022e-03	3.9239986099635190e-06	1.2584322635300019e-04	1.8734592567496369e-07	4.5716552559371252e-05	7.1491195867558561e-08	2.2788206414320557e-06	3.3939438015858958e-09
6.4999999999999994e-05	9.3213194667194743e-01	9.0854757209709387e-04	4.8201244308211655e-02	4.3984825736958049e-05	1.5922935619909644e-02	1.5514420811545726e-05	8.1795294387992685e-04	7.4630425028976162e-07	1.8275038133854001e-03	1.7780837128429485e-06	9.4554090315390952e-05	8.6064889667153673e-08	3.1551674660661325e-05	3.0717756248533713e-08	1.6214112172633897e-06	1.4772174080889622e-09
6.7000000000000002e-05	9.3281546597619158e-01	4.7919167159529805e-04	4.9618455335724017e-02	2.3132046748766525e-05	1.4945615661468988e-02	7.6736023752231097e-06	7.8895871379296026e-04	3.6774805622841888e-07	1.2337350450838901e-03	6.3210055018089430e-07	6.5665070407962530e-05	3.0478883174088409e-08	2.0009149604056409e-05	1.0270083104427933e-08	1.0566378289687382e-06	4.9160449422832052e-10
6.8999999999999997e-05	9.3344404774847145e-01	1.8260790746504326e-04	5.0921151790302530e-02	8.4002170676047314e-06	1.3892427596390176e-02	2.7151473533440163e-06	7.5126117960512811e-04	1.2389550155204248e-07	7.4462273045344915e-04	1.4560351349069359e-07	4.0646859188502832e-05	6.6676193560736133e-09	1.1232744706671955e-05	2.2097939756406643e-09	6.0760213102957163e-07	1.0043548279698656e-10
7.0999999999999991e-05	9.3398451341700306e-01	2.7599684548434622e-05	5.2100973294485237e-02	9.0454259759163020e-07	1.2779955310731020e-02	3.7612202494376828e-07	7.0579728449680901e-04	1.2230913728252911e-08	3.7354848713617550e-04	1.2554522023692271e-08	2.0849620773636877e-05	4.2512885999515706e-10	5.1712513886686150e-06	1.7892966690010558e-10	2.8558925419084917e-07	6.0660526283401867e-12
7.2999999999999999e-05	9.3440966565828620e-01	1.8773133237273873e-05	5.3150660768336890e-02	1.4530615345794251e-06	1.1625618171127427e-02	2.3259294945136474e-07	6.5372195694779391e-04	1.7845364454780111e-08	1.3073072106414344e-04	5.5211039984478025e-09	7.4333341566180650e-06	3.6036964016176185e-10	1.5971180921689201e-06	6.3605745632115921e-11	8.9689776407462168e-08	4.0472599440166285e-12
7.4999999999999993e-05	9.3469902500774027e-01	1.5642920866116422e-04	5.4064171803999542e-02	1.0501309466089881e-05	1.0447312096364729e-02	1.7473854215861652e-06	5.9636632449968361e-04	1.1578607422463240e-07	2.2870781275748662e-05	7.6916302540402933e-09	1.3059803544519039e-06	4.8411309696688250e-10	1.3835603654838186e-07	5.1210222754456950e-11	7.7300750362913792e-09	3.0784393642996409e-12
7.7000000000000001e-05	9.3483933306414757e-01	4.3659679498643983e-04	5.4836756517731074e-02	2.8125647626836056e-05	9.2630522446876997e-03	4.3242841824865576e-06	5.3519005474790028e-04	2.7440071296395516e-07	5.2903779894482760e-05	2.8917378169223198e-08	3.0733691867294634e-06	1.8444929389248412e-09	3.2053459378935441e-07	1.6560980370960798e-10	1.8369577261149505e-08	1.0444946776219490e-11
7.8999999999999996e-05	9.3482480815454150e-01	8.5120090996708745e-04	5.5464990832338079e-02	5.4016385663976916e-05	8.0906312086011199e-03	7.3636059129104498e-06	4.7173044660522249e-04	4.5924627684331546e-07	2.1986812427676774e-04	2.0393660033484373e-07	1.3003709080349405e-05	1.2920582495836209e-08	1.6148742727512632e-06	1.4664207746512685e-09	9.4087254826774204e-08	9.1605781483565697e-11
8.0999999999999990e-05	9.3465714969224756e-01	1.3883543409747272e-03	5.5946766827216436e-02	8.7490514702210842e-05	6.9473048412957376e-03	1.0314295237889381e-05	4.0755088250700070e-04	6.3708802176358481e-07	5.1890246295730152e-04	7.7308109757032009e-07	3.1009095631023378e-05	4.8677217937231844e-08	3.4880479090456758e-06	5.1511458669620030e-09	2.0468320367160237e-07	3.1863504884187903e-10
8.2999999999999998e-05	9.3434529762941354e-01	2.0327564207395241e-03	5.6281242428291155e-02	1.2752266893534378e-04	5.8495152562180784e-03	1.2718351042823744e-05	3.4419103411843376e-04	7.7953161245729140e-07	9.4137268977820916e-04	2.0478498853584293e-06	5.6645015641776527e-05	1.2839356750908196e-07	5.4493360196267290e-06	1.1795471144617072e-08	3.2087531249176280e-07	7.2395275336490157e-10
8.4999999999999993e-05	9.3390496272181223e-01	2.7661794807195645e-03	5.6468755082709231e-02	1.7279195039456022e-04	4.8126574168912625e-03	1.4244361367134837e-05	2.8312083303110491e-04	8.6590296927693352e-07	1.4751253549371162e-03	4.3655110648709035e-06	8.9127829095981881e-05	2.7256953052340008e-07	7.0912211027357232e-06	2.0912413567118464e-08	4.1757892337711068e-07	1.2730385028337424e-09
8.7000000000000001e-05	9.3335795125303023e-01	3.5680219456759158e-03	5.6510705998323855e-02	2.2174154231266872e-04	3.8508923771355011e-03	1.4708077800370220e-05	2.2569973156947570e-04	8.8510066224818729e-07	2.1048577803133572e-03	8.0381613786094553e-06	1.2736909795745707e-04	4.9935870732673657e-07	8.1202762574508669e-06	3.0920849166142195e-08	4.7651441691738729e-07	1.8636097725993402e-09
8.8999999999999995e-05	9.3273131404168896e-01	4.4159070132001746e-03	5.6409422905790881e-02	2.7264762181083415e-04	2.9770069500585274e-03	1.4079161767549475e-05	1.7314225068145589e-04	8.3627741947941861e-07	2.8125898114880810e-03	1.3302300940961731e-05	1.7002466237213615e-04	8.2105358694077636e-07	8.3762052808437533e-06	3.9509972288941142e-08	4.8788305435671285e-07	2.3508868050251575e-09
9.0999999999999989e-05	9.3205635380737528e-01	5.2863071802015660e-03	5.6168010063801461e-02	3.2369394465127642e-04	2.2023166504239198e-03	1.2474373143303817e-05	1.2649030242442151e-04	7.2834278203493053e-07	3.5782178208156722e-03	2.0274916063646566e-05	2.1555558646539741e-04	1.2411480300450097e-06	7.8380107256184103e-06	4.4291347872700147e-08	4.5097057423762746e-07	2.5911736221821627e-09
9.2999999999999997e-05	9.3136752731923911e-01	6.1551771777231317e-03	5.5790194378976241e-02	3.7304856566849567e-04	1.5366063823840602e-03	1.0138464934900021e-05	8.6592333840899681e-05	5.7840311381275787e-07	4.3801285549200045e-03	2.8921333874101292e-05	2.6229754765881564e-04	1.7524261222740336e-06	6.6173917719709194e-06	4.3563796290865628e-08	3.7366505799502305e-07	2.4909187277647378e-09
9.4999999999999992e-05	9.3070127938140190e-01	6.9985807117122359e-03	5.5280176106379024e-02	4.1893941233426971e-04	9.8810167258204747e-04	7.4148490005833419e-06	5.4089001783873467e-05	4.0935701418583683e-07	5.1958488216891970e-03	3.9038817002611466e-05	3.0853494023925550e-04	2.3363876460189723e-06	4.9405081021765754e-06	3.6990752740709412e-08	2.7099550616188217e-07	2.0468544947938121e-09
9.7000000000000000e-05	9.3009484492755456e-01	7.7932993128905356e-03	5.4642491726939676e-02	4.5972577546125448e-04	5.6346234044926961e-04	4.7086899555748614e-06	2.9404871751636808e-05	2.4693696096180162e-07	6.0027068366429771e-03	5.0258157538114958e-05	3.5257589829550633e-04	2.9641393897185132e-06	3.1201145072996178e-06	2.6008541660902623e-08	1.6289810827368384e-07	1.3650138266382165e-09
9.8999999999999994e-05	9.2958505367303168e-01	8.5174141470852355e-03	5.3881895377221878e-02	4.9396315844011437e-04	2.6779034684557517e-04	2.4454724276497714e-06	1.2745538197969976e-05	1.1652882632844858e-07	6.7784821826605184e-03	6.2063593584201681e-05	3.9282459019124240e-04	3.5986836121322911e-06	1.5207245141117868e-06	1.3841987065514592e-08	7.1489635075592052e-08	6.5173920613407914e-10
1.0100000000000000e-04	9.2920716928327030e-01	9.1508534987448271e-03	5.3003263752111771e-02	5.2045929102089209e-04	1.0464410673278374e-04	1.0282866208279924e-06	4.0995745992237924e-06	4.0109700687216290e-08	7.5020235722926551e-03	7.3829410140122955e-05	4.2784746035415608e-04	4.1983467634495293e-06	5.1987545336087075e-07	5.0884562577717122e-09	1.8166862552893453e-08	1.7687680554036338e-10
1.0300000000000000e-04	9.2899379219531608e-01	9.6758996225048653e-03	5.2011527820426139e-02	5.3831944562660180e-04	7.6052689687571305e-05	7.9710560625156134e-07	3.2448133031938777e-06	3.3623004259985928e-08	8.1538166613506855e-03	8.4869795498983191e-05	4.5643055313030682e-04	4.7209375839636207e-06	4.6873869451737590e-07	4.9256330152641072e-09	2.0856174473359873e-08	2.1645980075186283e-10
1.0499999999999999e-04	9.2897385232488605e-01	1.0077648725468107e-02	5.0911633078006627e-02	5.4697949797618227e-04	1.8252493897238527e-04	1.9931953588768834e-06	9.7585956055532591e-06	1.0506105009199827e-07	8.7164877297116281e-03	9.4497081599791865e-05	4.7762560669316784e-04	5.1281237451044647e-06	1.6552597101787396e-06	1.8083331316428785e-08	9.1710259203860957e-08	9.8762694800586099e-10
1.0700000000000000e-04	9.2917171505208951e-01	1.0344417117122065e-02	4.9708528482571547e-02	5.4622547402149112e-04	4.2305048091203471e-04	4.7315064366162702e-06	2.3031786754188131e-05	2.5345278143561746e-07	9.1752327947099230e-03	1.0208254510674666e-04	4.9078321529548940e-04	5.3894831592988216e-06	4.2727462030076857e-06	4.7778516077599135e-08	2.3549333260322655e-07	2.5909890815789832e-09
1.0899999999999999e-04	9.2960642114295899e-01	1.0468085300251907e-02	4.8407182719873390e-02	5.3619865876843584e-04	7.9509173549050449e-04	8.9834381003528248e-06	4.2286484985673632e-05	4.6886311916307382e-07	9.5181653492418718e-03	1.0711358432025520e-04	4.9557199433488579e-04	5.4857244985128695e-06	8.3963777654042417e-06	9.4833093630551237e-08	4.4881867330462536e-07	4.9745244096392925e-09
1.1100000000000000e-04	9.3029107857278637e-01	1.0444370328453204e-02	4.7012625077232327e-02	5.1738574840581972e-04	1.2945682428411537e-03	1.4571734208399617e-05	6.6597438896180914e-05	7.3340649374344567e-07	9.7365791640513129e-03	1.0924136095226950e-04	4.9198332030130694e-04	5.4106768153794233e-06	1.3969519449698859e-05	1.5717060363609767e-07	7.2030995375490658e-07	7.9285563036747948e-09
1.1300000000000000e-04	9.3123242143998997e-01	1.0273015527770615e-02	4.5530006975939598e-02	4.9059403551421257e-04	1.9158367573604152e-03	2.1178465948892459e-05	9.4917200989321011e-05	1.0231688903253858e-06	9.8251252757463603e-03	1.0831389134225233e-04	4.8032183834214367e-04	5.1718071221864679e-06	2.0801017715236158e-05	2.2982347333862832e-07	1.0316594116586010e-06	1.1114444076306621e-08
1.1499999999999999e-04	9.3243054812557613e-01	9.9578860729979297e-03	4.3964679164796142e-02	4.5691223988327445e-04	2.6516725003210935e-03	2.8366097664658515e-05	1.2610497360905965e-04	1.3108302701241821e-06	9.7819042997736947e-03	1.0439101271874363e-04	4.6118252020790223e-04	4.7892164703957563e-06	2.8573875511395796e-05	3.0548784611450968e-07	1.3594604664218053e-06	1.4121887671255409e-08
1.1700000000000000e-04	9.3387884739139226e-01	9.5069592705181224e-03	4.2322278733631744e-02	4.1765832159862951e-04	3.4932585702627979e-03	3.5610562587028781e-05	1.5895894359423118e-04	1.5686941312698913e-06	9.6084765551163621e-03	9.7739500976890201e-05	4.3541560360884686e-04	4.2932634459996407e-06	3.6864881339511800e-05	3.7555557168991356e-07	1.6776091857755161e-06	1.6543039484617904e-08
1.1899999999999999e-04	9.3556411708410103e-01	8.9321999769320422e-03	4.0608819504826213e-02	3.7431639812774304e-04	4.4301916548156722e-03	4.2344168544486019e-05	1.9225166221485920e-04	1.7717749636646552e-06	9.3097932485949660e-03	8.8808691125713063e-05	4.0408123979061503e-04	3.7211412430632133e-06	4.5173946648741467e-05	4.3145377553966962e-07	1.9600067277430870e-06	1.8047567700614403e-08
1.2100000000000000e-04	9.3746687545220309e-01	8.2493144898429065e-03	3.8830779044556139e-02	3.2846566769174337e-04	5.4505127401564268e-03	4.8005110186101710e-05	2.2476772717644207e-04	1.9005774169642332e-06	8.8940522994893929e-03	7.8189029886256725e-05	3.6839610713289229e-04	3.1128650535180509e-06	5.2961133721984728e-05	4.6605223445742677e-07	2.1832607922147682e-06	1.8442459891896707e-08
1.2299999999999998e-04	9.3956185981208695e-01	7.4773804439398220e-03	3.6995175545881810e-02	2.8170493403481165e-04	6.5407713640211118e-03	5.2089502818688239e-05	2.5534269433573781e-04	1.9432292153076187e-06	8.3724824975182233e-03	6.6557840159259580e-05	3.2967459965920685e-04	2.5071912221649813e-06	5.9688684452702071e-05	4.7487369814859370e-07	2.3290831183071073e-06	1.7703838358414288e-08
1.2500000000000000e-04	9.4181870153886049e-01	6.6383555348512955e-03	3.5109628207737442e-02	2.3557684299026826e-04	7.6861310270911363e-03	5.4201295729492108e-05	2.8290182744922151e-04	1.8967034541653838e-06	7.7590598045181340e-03	5.4617982785807490e-05	2.8926745232494454e-04	1.9379790144838293e-06	6.4864844806345845e-05	4.5687005798797831e-07	2.3861137674095607e-06	1.5974562151114988e-08
1.2700000000000000e-04	9.4420276033023931e-01	5.7564739351609077e-03	3.3182395485782612e-02	1.9149619617018774e-04	8.8705216392045445e-03	5.4095275998530294e-05	3.0649702889389984e-04	1.7669781493402875e-06	7.0701599410887264e-03	4.3035888764359062e-05	2.4850079965198181e-04	1.4314221937374022e-06	6.8085975541577461e-05	4.1460489934409115e-07	2.3509689482399132e-06	1.3529313360629542e-08
1.2899999999999999e-04	9.4667609470199732e-01	4.8575456088374861e-03	3.1222386716172765e-02	1.5068663962226477e-04	1.0076842374009095e-02	5.1708707176683349e-05	3.2534012690161403e-04	1.5681181214992497e-06	6.3241521033323240e-03	3.2385498901220848e-05	2.0861866097498063e-04	1.0044348727267188e-06	6.9073395423112434e-05	3.5379661439628278e-07	2.2284008209267978e-06	1.0716223022854669e-08
1.3099999999999999e-04	9.4919854008182913e-01	3.9681798501810858e-03	2.9239144073179846e-02	1.1412960581477499e-04	1.1287215162677286e-02	4.7177977012108375e-05	3.3883066342818482e-04	1.3204074924001881e-06	5.5409398162834930e-03	2.3103966354878925e-05	1.7073168848101057e-04	6.6429783261021557e-07	6.7701652447928131e-05	2.8230342563973552e-07	2.0305645178470135e-06	7.8890433402361554e-09
1.3300000000000001e-04	9.5172886105570076e-01	3.1149597320345424e-03	2.7242793543493099e-02	8.2528626165730804e-05	1.2483285482916134e-02	4.0837906474854260e-05	3.4657645713343345e-04	1.0477887888386926e-06	4.7414565453338066e-03	1.5463620289385832e-05	1.3577469556850358e-04	4.0948680452024176e-07	6.4015472130103909e-05	2.0874577135893169e-07	1.7754961756554495e-06	5.3452211008199182e-09
1.3500000000000000e-04	9.5422594064799116e-01	2.3235982443374466e-03	2.5243965479093421e-02	5.6291080540537645e-05	1.3646563377466968e-02	3.3202985192087048e-05	3.4840551637082228e-04	7.7495673345644441e-07	3.9471256603677701e-03	9.5628105696926085e-06	1.0447500677673956e-04	2.3144266383851710e-07	5.8233469943062895e-05	1.4103757065412736e-07	1.4850016335863184e-06	3.2827504707747439e-09
1.3700000000000000e-04	9.5664996728728291e-01	1.6181093275619036e-03	2.3253687197154278e-02	3.5528198871434460e-05	1.4758794102420829e-02	2.4931577532275152e-05	3.4436833502426116e-04	5.2449620066223630e-07	3.1792965067961401e-03	5.3360758665523239e-06	7.7333054968766667e-05	1.1692986713687643e-07	5.0737783656453334e-05	8.5118367493241780e-08	1.1822252413756357e-06	1.7831885995673145e-09
1.3899999999999999e-04	9.5896357953563482e-01	1.0200274802593236e-03	2.1283251886648143e-02	2.0072794349239706e-05	1.5802344813085081e-02	1.6775886009952019e-05	3.3473018563216425e-04	3.1443765257595240e-07	2.4586704557686338e-03	2.5818616322150553e-06	5.4615930023505661e-05	5.0579419220671469e-08	4.2049993272397976e-05	4.4137454907801499e-08	8.8920186274632822e-07	8.2129547727332171e-10
1.4099999999999998e-04	9.6113292983835596e-01	5.4770803531568001e-04	1.9344069615757090e-02	9.5129159384734957e-06	1.6760591571724104e-02	9.5219551723402032e-06	3.1995367726473349e-04	1.5653247133931031e-07	1.8047326310891326e-03	1.0040265068935887e-06	3.6363802954057225e-05	1.7230202071607607e-08	3.2794937694251197e-05	1.8246508417840774e-08	6.2468773187235679e-07	2.9531432381896390e-10
1.4300000000000001e-04	9.6312863145536531e-01	2.1573662446561229e-04	1.7447507387011892e-02	3.2384846535204074e-06	1.7618289965961986e-02	3.9250650675428993e-06	3.0067250557830306e-04	5.5437112844307941e-08	1.2352063006263257e-03	2.6185283200973535e-07	2.2408366646101635e-05	3.7597673602086592e-09	2.3655179900469304e-05	5.0288188092411386e-09	4.0251858608701727e-07	6.7606525800025647e-11
1.4500000000000000e-04	9.6492655721144294e-01	3.4471029381707417e-05	1.5604725864093347e-02	4.9712764021212836e-07	1.8361912910251715e-02	6.4636701442828999e-07	2.7765792115069820e-04	8.8581026848288560e-09	7.6554747373038066e-04	2.2396178572672214e-08	1.2401709615087911e-05	2.1499535592303368e-10	1.5319789867825755e-05	4.5849871784901096e-10	2.3066387464028803e-07	4.1619016594230953e-12
1.4700000000000000e-04	9.6650846448782068e-01	9.7319477829573165e-06	1.3826520542259097e-02	4.5491860845746140e-07	1.8979940783842811e-02	1.9649696332251683e-07	2.5177991721859778e-04	8.5721225957670934e-09	4.0849692696475040e-04	8.8653369715036546e-09	5.8534296229609595e-06	1.9062961577630713e-10	8.4316999661828407e-06	1.7118986907641456e-10	1.1104621842966065e-07	3.4533392433404705e-12
1.4899999999999999e-04	9.6786242762270758e-01	1.4265169767461544e-04	1.2123174746866812e-02	2.2576042080236892e-06	1.9463091814455699e-02	2.8911859121851035e-06	2.2396544160982365e-04	4.2118460109986925e-08	1.7370563248208685e-04	3.9320924446886014e-08	2.1733472912738654e-06	5.3456063400645237e-10	3.5380696941900433e-06	7.6289298744425026e-10	4.0090911621455533e-08	9.3491411140979143e-12
1.5099999999999998e-04	9.6898306619119956e-01	4.2968212122184259e-04	1.0504330961516381e-02	5.0881330194132022e-06	1.9804484295616303e-02	8.8226716690164882e-06	1.9515604362306595e-04	9.4881822492871735e-08	6.7447415874247332e-05	5.1230498067992767e-08	7.1692842174525934e-07	5.6110658540110259e-10	1.0478507234887649e-06	8.2918914911593102e-10	9.8765755151415031e-09	7.9249210469233477e-12
1.5300000000000001e-04	9.6987156507666727e-01	8.6275552049203921e-04	8.9788856902073989e-03	8.2168583260619358e-06	1.9999726476630144e-02	1.7849159911572812e-05	1.6626727297493058e-04	1.5225139262239330e-07	9.2429732039868426e-05	1.0915782433435891e-07	8.3048137694891664e-07	1.0126182757052164e-09	1.2000952753193368e-06	1.5135881275659254e-09	9.6881702448383460e-09	1.2506303458883320e-11
1.5500000000000000e-04	9.7053548942797263e-01	1.4295859007243724e-03	7.5549114591815176e-03	1.1041579990270315e-05	2.0046934381704098e-02	2.9602876344869449e-05	1.3815187655993156e-04	2.0155796856851660e-07	2.4770989260774942e-04	3.9487837053555354e-07	1.8933568371665978e-06	3.0196787754436754e-09	4.0455738409246515e-06	6.4382211763501392e-09	2.7736062380836542e-08	4.3937736596996776e-11
1.5699999999999999e-04	9.7098840417595356e-01	2.1140925521870978e-03	6.2396077948467599e-03	1.3115529884153220e-05	1.9946681988354129e-02	4.3515590734818605e-05	1.1156843083946206e-04	2.3354819725200990e-07	5.2872012622825722e-04	1.1812632530212519e-06	3.3547179197265194e-06	7.2742911881508119e-09	9.4430712344752811e-06	2.1019931147365489e-08	5.2802778510461959e-08	1.1336981793553614e-10
1.5899999999999999e-04	9.7124931349669741e-01	2.8969243651823049e-03	5.0392812099628219e-03	1.4162391144216369e-05	1.9701891759020373e-02	5.8859048565616657e-05	8.7156556646891047e-05	2.4324065562717135e-07	9.2740074591330767e-04	2.7931273177577378e-06	4.7629313612138965e-06	1.3559729782524503e-08	1.7070442218150686e-05	5.1302740387082161e-08	7.5609868122638550e-08	2.1297921897031287e-10
1.6099999999999998e-04	9.7134194029547538e-01	3.7560613706830439e-03	3.9593525180792724e-03	1.4078384541907478e-05	1.9317676192537145e-02	7.4796642860564214e-05	6.5419346461985273e-05	2.3010733352046331e-07	1.4324366782891087e-03	5.5596944558888224e-06	5.7862087486240987e-06	2.0691118924458483e-08	2.6449261146662184e-05	1.0253779242658260e-07	8.9753705233721430e-08	3.1677334600851602e-10
1.6300000000000000e-04	9.7129386938702911e-01	4.6674697800831531e-03	3.0043882836221169e-03	1.2922284508952824e-05	1.8801142673419095e-02	9.0441966931849026e-05	4.6713145012925087e-05	1.9762047717166081e-07	2.0295889013729803e-03	9.7642489632712719e-06	6.2237511208990071e-06	2.6829965071302368e-08	3.6980811713329346e-05	1.7779488948299537e-07	9.2130805607360806e-08	3.9008805682593933e-10
1.6500000000000000e-04	9.7113558060782990e-01	5.6057880445285375e-03	2.1781519828763629e-03	1.0894896166012197e-05	1.8161174396615798e-02	1.0491962129331232e-04	3.1244404956091888e-05	1.5228580809738696e-07	2.7021091282536879e-03	1.5596835612150140e-05	6.0072734697756114e-06	3.0060020983301277e-08	4.7990323444969274e-05	2.7688652846990555e-07	8.2848970096132959e-08	4.0362805264042295e-10
1.6699999999999999e-04	9.7089939973914985e-01	6.5450238150694309e-03	1.4836695503442723e-03	8.3100122487176144e-06	1.7408199596434908e-02	1.1742376937416865e-04	1.9073018064286512e-05	1.0233992627785934e-07	3.4312235054369785e-03	2.3115531801042793e-05	5.1933672252932938e-06	2.9063254710790466e-08	5.8775827327656550e-05	3.9582800557782045e-07	6.4689677014883651e-08	3.4666293303132531e-10
1.6899999999999999e-04	9.7061839602726052e-01	7.4592447177188360e-03	9.2330343731349108e-04	5.5591775744905213e-06	1.6553959866656549e-02	1.2727037854041217e-04	1.0121310233161692e-05	5.6317910039844555e-08	4.1966692554996493e-03	3.2220895618532143e-05	3.9476676221675617e-06	2.3720017858318525e-08	6.8657794335798503e-05	5.2695799597559315e-07	4.2241191498900036e-08	2.3451368963208459e-10
1.7099999999999998e-04	9.7032525546315329e-01	8.3232490864039478e-03	4.9882911157409827e-04	3.0727387068597294e-06	1.5611286244755636e-02	1.3393976100533155e-04	4.1877818634490934e-06	2.1696666087761171e-08	4.9772671181894127e-03	4.2646800689729584e-05	2.5222083341388902e-06	1.5477355002858721e-08	7.7025825939198140e-05	6.5972251492803772e-07	2.0855387469476592e-08	1.0746418646754600e-10
1.7300000000000000e-04	9.7005115902170147e-01	9.1132057694968214e-03	2.1150805690678965e-04	1.2796778164911389e-06	1.4593889199751338e-02	1.3710685945769361e-04	9.6465768663566359e-07	3.7937582349862862e-09	5.7515121131797254e-03	5.3969149090065114e-05	1.2276574232419466e-06	7.3786946919389394e-09	8.3379047858125180e-05	7.8200406856465538e-07	5.5920775584971934e-09	2.1035340088592624e-11
1.7500000000000000e-04	9.6982469490918088e-01	9.8072544676243694e-03	6.2151754505939452e-05	5.6865445565672202e-07	1.3516165967049737e-02	1.3665763254176996e-04	5.8357590931206304e-08	5.0558029251391810e-09	6.4981654940140330e-03	6.5632079175023862e-05	4.0233437397478331e-07	3.7173311783877550e-09	8.7357463620912044e-05	8.8177891882765658e-07	3.0350546541845974e-10	3.0310678918557562e-11
1.7699999999999999e-04	9.6967083360916984e-01	1.0386059518862761e-02	5.1171807466761012e-05	1.2525340010938596e-06	1.2393026050999154e-02	1.3269083123270211e-04	1.0120844685573731e-06	2.4811825580056214e-08	7.1968316786066543e-03	7.6989437813498431e-05	3.8001167861141562e-07	9.3527084132763869e-09	8.8762290534212684e-05	9.4882592913524158e-07	6.9818008004240445e-09	1.7290483099339695e-10
1.7899999999999999e-04	9.6960999414614624e-01	1.0833310519615948e-02	1.7861226595269314e-04	3.5384837081536398e-06	1.1239733366803844e-02	1.2550538149961319e-04	3.3298189893604816e-06	5.9502402412743738e-08	7.8285052896933955e-03	8.7357644534497724e-05	1.4585134131684820e-06	2.8799156253691118e-08	8.7564163447165447e-05	9.7620035316817985e-07	2.5448594343635491e-08	4.5569270554394416e-10
1.8099999999999998e-04	9.6965722941020560e-01	1.1136162714115883e-02	4.4416129010892499e-04	7.5054711493984212e-06	1.0071761573819567e-02	1.1557447627099873e-04	6.5010908572289306e-06	1.0333205203940727e-07	8.3760750657588950e-03	9.6074800384912849e-05	3.8710457941066717e-06	6.5248978644427858e-08	8.3898990022853440e-05	9.6122641082222260e-07	5.3414638558937298e-08	8.4943402432397069e-10
1.8300000000000000e-04	9.6982155743069987e-01	1.1285608914786648e-02	8.4714051899683620e-04	1.3090698292370006e-05	8.9046577723899713e-03	1.0350830937026259e-04	1.0025944303550090e-05	1.4923687621687977e-07	8.8247731566729690e-03	1.0256012009465040e-04	7.7620383251895909e-06	1.1971600571247213e-07	7.8052119347325524e-05	9.0584605430005375e-07	8.6884563765269760e-08	1.2932230307194824e-09
1.8500000000000000e-04	9.7010546391596131e-01	1.1276773170175877e-02	1.3864718662845090e-03	2.0086132863608354e-05	7.7539089639318669e-03	9.0008130200698702e-05	1.3439523090894630e-05	1.9001792265206035e-07	9.1625600643504106e-03	1.0636758520235106e-04	1.3169044555319722e-05	1.9047653365671901e-07	7.0432293975831938e-05	8.1627300317375571e-07	1.2083405787246107e-07	1.7078927303014783e-09
1.8699999999999999e-04	9.7050459892544072e-01	1.1109114905293066e-02	2.0606229026646269e-03	2.8145840447424484e-05	6.6348055386075185e-03	7.5814924704536727e-05	1.6335666576245700e-05	2.1946822363087790e-07	9.3804371287144628e-03	1.0722816924104076e-04	2.0011952645440874e-05	2.7294195519627924e-07	6.1537550228659893e-05	7.0202097356803191e-07	1.5004938289415686e-07	2.0149034260872876e-09
1.8899999999999999e-04	9.7100768695365625e-01	1.0786531286078612e-02	2.8675334669587575e-03	3.6804264961336924e-05	5.5622965523237332e-03	6.1656487779199892e-05	1.8388841366776946e-05	2.3332154018837047e-07	9.4726799446118223e-03	1.0507605429362505e-04	2.8090391110581324e-05	3.6002701151345002e-07	5.1915774498919493e-05	5.7448146626079177e-07	1.6999674666359665e-07	2.1555983674316160e-09
1.9099999999999998e-04	9.7159666477987650e-01	1.0317345549114393e-02	3.8045276139561522e-03	4.5504953440946565e-05	4.5508326486688828e-03	4.8196888900354450e-05	1.9373648359891169e-05	2.2987495704636713e-07	9.4369874358921895e-03	1.0005585569710619e-04	3.7089788585017636e-05	4.4299042339457185e-07	4.2122981883758139e-05	4.4530010518190483e-07	1.7758463066186664e-07	2.1055115951552373e-09
1.9300000000000000e-04	9.7224705506847198e-01	9.7141703531813707e-03	4.8682163808863145e-03	5.3638493718749779e-05	3.6141941029452147e-03	3.5992290546265063e-05	1.9181064048351995e-05	2.1018424107901287e-07	9.2745425762373029e-03	9.2509848270002300e-05	4.6596066082653569e-05	5.1263551946841024e-07	3.2682531535897324e-05	3.2482774637780614e-07	1.7169681561869637e-07	1.8797557596685875e-09
1.9500000000000000e-04	9.7292857592434434e-01	8.9936380805884387e-03	6.0543980423488899e-03	6.0587672508760093e-05	2.7653035113150027e-03	2.5456715174320574e-05	1.7830523072275029e-05	1.7779558632030108e-07	8.9899820470760276e-03	8.2946338052219330e-05	5.6118419847454892e-05	5.6068382823346121e-07	2.4048413372100954e-05	2.2089845198915051e-07	1.5340639276988808e-07	1.5280427365697482e-09
1.9699999999999999e-04	9.7360597761325363e-01	8.1759944968484103e-03	7.3579634191933687e-03	6.5777129468122045e-05	2.0160249785028889e-03	1.6840654130261531e-05	1.5476951861840073e-05	1.3805195522207821e-07	8.5912736014409369e-03	7.1992407008972530e-05	6.5119114458768226e-05	5.8108961882441438e-07	1.6575427491748597e-05	1.3811592594513989e-07	1.2582796912291901e-07	1.1208740964945996e-09
1.9899999999999999e-04	9.7424008782344051e-01	7.2845581195728169e-03	8.7728143006453613e-03	6.8724158735600051e-05	1.3769540971382643e-03	1.0224391859837690e-05	1.2411943545037392e-05	9.7085893321262903e-08	8.0895016958875375e-03	6.0336024482876202e-05	7.3048680381197531e-05	5.7105891340418491e-07	1.0498540304499201e-05	7.7727418730576504e-08	9.3620789425990290e-08	7.3099313653475689e-10
2.0099999999999998e-04	9.7478903671662587e-01	6.3450546997990409e-03	1.0291803031432279e-02	6.9086878623014238e-05	8.5720535550270940e-04	5.5266464145326276e-06	9.0584379056893003e-06	6.0671283526920028e-08	7.4985641612188379e-03	4.8663742252531104e-05	7.9384436981835412e-05	5.3157647433508392e-07	5.9229675484266440e-06	3.8050351855253180e-08	6.2212061459350611e-08	4.1552560186697296e-10
2.0300000000000000e-04	9.7520962327354599e-01	5.3848438482364206e-03	1.1906700733311125e-02	6.6705832158079796e-05	4.6420563542307405e-04	2.5277114879620907e-06	5.9585423824843305e-06	3.3142480552639686e-08	6.8347853401102771e-03	3.7600700892090364e-05	8.3669886113144789e-05	4.6732419634796172e-07	2.8256515132115008e-06	1.5315291516692502e-08	3.6858944624837420e-08	2.0391454151787485e-10
