9.9999999999999995e-07	7.8436552278875551e-05	9.9968575288637751e-01	2.1148244752618988e-07	7.8590217161357654e-05	6.2323808276903290e-09	7.8530700847589580e-05	1.7146665273245242e-11	6.1736849107229731e-09	8.0798877012452666e-09	7.8445307464268508e-05	1.9871430944241859e-11	6.1669719523932668e-09	6.9138938908844001e-13	6.1623015931682014e-09	1.6068911336019116e-15	4.8444887788362339e-13
3.0000000000000001e-06	3.1009235954434285e-04	9.9875416355823643e-01	9.1524623937049693e-07	3.1252942355680262e-04	9.7209461696055676e-08	3.1158423392435792e-04	2.9406092170207288e-10	9.7500706794082839e-08	1.0375518711416458e-07	3.1022216446716300e-04	3.3545602870763384e-10	9.7074509659324947e-08	3.3314194303833814e-11	9.6780941678663665e-08	1.0755127335456548e-13	3.0284625447833107e-11
4.9999999999999996e-06	6.8601375735587156e-04	9.9723093797750129e-01	2.3097406738973443e-06	6.9821738621418661e-04	4.7878428951439861e-07	6.9347247366058980e-04	1.6493919166087986e-09	4.8553888417183384e-07	4.8806602067509110e-07	6.8663387030772766e-04	1.8397486384225028e-09	4.8075113231132420e-07	3.4450255147664301e-10	4.7748469022230690e-07	1.3118113212131039e-12	3.3431388763814625e-10
6.9999999999999999e-06	1.1929708180597840e-03	9.9515291163122255e-01	4.6991103533769333e-06	1.2310331151828254e-03	1.4626268490353360e-06	1.2161809312078574e-03	5.8795759856186503e-09	1.5044496977292726e-06	1.4577094180028080e-06	1.1948254805694198e-03	6.3900253189729071e-09	1.4780350722919700e-06	1.7989005884342356e-09	1.4602095548645385e-06	7.9878107817953002e-12	1.8063213429034501e-09
9.0000000000000002e-06	1.8140012748645035e-03	9.9256678839443657e-01	8.4606630215812634e-06	1.9054952397490961e-03	3.4273052941044855e-06	1.8696270205632456e-03	1.6271394213026249e-08	3.5892358659335119e-06	3.3576065567579186e-06	1.8182910761184903e-03	1.7206826707465317e-08	3.4906968704272021e-06	6.3707187912916486e-09	3.4250293980818957e-06	3.3075117800152036e-11	6.5752447945612399e-09
1.1000000000000000e-05	2.5290479512962193e-03	9.8952768335784003e-01	1.4006205124780290e-05	2.7154312442838084e-03	6.7723501445276110e-06	2.6419438447521908e-03	3.8090565052568298e-08	7.2499014517041623e-06	6.5263021419070958e-06	2.5374870126287320e-03	3.9176269410522991e-08	6.9633088806045129e-06	1.7528708627504203e-08	6.7750276295669425e-06	1.0651988506386505e-10	1.8591762340660633e-08
1.2999999999999999e-05	3.3156574698722089e-03	9.8609753461592964e-01	2.1740290835318490e-05	3.6541458384017522e-03	1.1869694163760782e-05	3.5197746131027151e-03	7.8889463180134749e-08	1.3042969019365496e-05	1.1240990376084789e-05	3.3305206946016449e-03	7.8894390904432655e-08	1.2341831938408411e-05	4.0331954367986839e-08	1.1888535046165317e-05	2.8628576030810605e-10	4.4054617349363239e-08
1.4999999999999999e-05	4.1497102838908969e-03	9.8234344540234941e-01	3.2018367405511685e-05	4.7145796437110038e-03	1.9016823307517199e-05	4.4885646140785844e-03	1.4849889878034693e-07	2.1541678323048436e-05	1.7668726917335174e-05	4.1738833580297558e-03	1.4433671944182238e-07	2.0031899352537258e-05	8.1113821001909934e-08	1.9073047168469402e-05	6.6952042112434472e-10	9.1536504117696348e-08
1.7000000000000000e-05	5.0061559975057733e-03	9.7833601121313696e-01	4.5107555638310807e-05	5.8894507675604788e-03	2.8395589667485692e-05	5.5328402861022242e-03	2.5861247884671775e-07	3.3306014733001775e-05	2.5829443265577011e-05	5.0431962346977801e-03	2.4410814950087911e-07	3.0359580191155572e-05	1.4672330874875962e-07	2.8524762051463399e-05	1.3998907143285605e-09	1.7171161852453811e-07
1.8999999999999998e-05	5.8597327600344810e-03	9.7414767781358880e-01	6.1152444826597933e-05	7.1713735220098138e-03	4.0040012802172147e-05	6.6364680106864729e-03	4.2193041645476394e-07	4.8853512603551892e-05	3.5574894436120813e-05	5.9139420062094342e-03	3.8631347857920127e-07	4.3537047203541945e-05	2.4339686307056724e-07	4.0297024103101097e-05	2.6663786226250958e-09	2.9664435521722727e-07
2.0999999999999999e-05	6.6856545073740023e-03	9.6985116644250491e-01	8.0147865907988152e-05	8.5529503596471351e-03	5.3815614680799166e-05	7.7828884612436431e-03	6.5089501200598566e-07	6.8631584922523544e-05	4.6585842645714187e-05	6.7621572491466213e-03	5.7717218086193866e-07	5.9635114272109571e-05	3.7542784719210781e-07	5.4280110208845348e-05	4.6894654067396601e-09	4.7866293740440020e-07
2.3000000000000000e-05	7.4602543544573683e-03	9.6551799316200837e-01	1.0192017838625846e-04	1.0026834889286667e-02	6.9411963523930174e-05	8.9553253803972954e-03	9.5611479713033385e-07	9.2991973598392300e-05	5.8387816235435085e-05	7.5650661999906539e-03	8.1956779144994677e-07	7.8564095886966785e-05	5.4386640412281109e-07	7.0193839565169661e-05	7.6927702773532418e-09	7.2890489721392315e-07
2.4999999999999998e-05	8.1615760721486831e-03	9.6121710099559854e-01	1.2611818950254160e-04	1.1585765495264147e-02	8.6349190835533353e-05	1.0136970295575073e-02	1.3446315057499061e-06	1.2216781158400243e-04	7.0383877501320677e-05	8.3016412094837847e-03	1.1117612767546543e-06	1.0006392023567592e-04	7.4550591911654970e-07	8.7593505983109943e-05	1.1861570146993025e-08	1.0556760112701258e-06
2.6999999999999999e-05	8.7699080719779478e-03	9.5701361682514030e-01	1.5221442251750304e-04	1.3222570548497386e-02	1.0399832394462209e-04	1.1311146758555808e-02	1.8182273694993605e-06	1.5625374398213677e-04	8.1901151770822364e-05	8.9530803244024029e-03	1.4465018332289570e-06	1.2370393004179048e-04	9.7238785695069495e-07	1.0588868402381872e-04	1.7293528379355386e-08	1.4628045534116014e-06
2.9000000000000000e-05	9.2682556417936993e-03	9.5296774026297992e-01	1.7951705411358915e-04	1.4930147440508666e-02	1.2161436350394647e-04	1.2461459123797803e-02	2.3719942771444028e-06	1.9518956458721519e-04	9.2246545693080835e-05	9.5031971956397506e-03	1.8107354243771086e-06	1.4889235088610779e-04	1.2119867482773334e-06	1.2437359551447115e-04	2.3950457955930467e-08	1.9481940704942311e-06
3.1000000000000001e-05	9.6427474727893304e-03	9.4913376888859291e-01	2.0719243020266690e-04	1.6701418699855287e-02	1.3838015188534337e-04	1.3571931639643165e-02	2.9933866027055779e-06	2.3874787198105210e-04	1.0076621235297221e-04	9.9387226926615623e-03	2.1860438023499578e-06	1.7489500377075028e-04	1.4481317535963640e-06	1.4226697464609568e-04	3.1622034532630379e-08	2.5027774234796311e-06
3.2999999999999996e-05	9.8829720733773444e-03	9.4555926312103367e-01	2.3429762632074268e-04	1.8529269290406925e-02	1.5345825417741683e-04	1.4627143740118628e-02	3.6619529004543829e-06	2.8652631347556826e-04	1.0690296541073759e-04	1.0249521000946941e-02	2.5498523200737713e-06	2.0086248657715476e-04	1.6625972269780394e-06	1.5875876212572876e-04	3.9912238938776856e-08	3.1100513405848400e-06
3.4999999999999997e-05	9.9822388335589311e-03	9.4228435420184264e-01	2.5982203259422988e-04	2.0406469875889226e-02	1.6604735414555804e-04	1.5612366948767685e-02	4.3498872062701934e-06	3.3794503998165907e-04	1.1024602823864630e-04	1.0428725456865054e-02	2.8773352327372273e-06	2.2586474135705766e-04	1.8371728691323308e-06	1.7306051011079467e-04	4.8256547165624876e-08	3.7463247901563466e-06
3.6999999999999998e-05	9.9377576592789337e-03	9.3934119980012531e-01	2.8273641696656383e-04	2.2325591392830694e-02	1.7543911499171230e-04	1.6513707813813470e-02	5.0234603867068112e-06	3.9225001322866916e-04	1.1056821300116330e-04	1.0472800872948695e-02	3.1438372067400988e-06	2.4893165197951273e-04	1.9559262822152201e-06	1.8445610556969366e-04	5.5972688906729871e-08	4.3817486984951434e-06
3.8999999999999999e-05	9.7507305838980003e-03	9.3675359309988815e-01	3.0204737397533562e-04	2.4278916717156110e-02	1.8107114170402209e-04	1.7318259870166205e-02	5.6452916218283431e-06	4.4852276340071458e-04	1.0784680477744026e-04	1.0381539640841727e-02	3.3275357052086612e-06	2.6909807101843788e-04	2.0073163240788356e-06	1.9234933480501035e-04	6.2340998462995483e-08	4.9821137154734508e-06
4.1000000000000000e-05	9.4263488598250768e-03	9.3453673238868251e-01	3.1685453702883252e-04	2.6258355530019636e-02	1.8257168035917893e-04	1.8014265860143697e-02	6.1773095843481824e-06	5.0569706965463389e-04	1.0226598235487740e-04	1.0157998560771120e-02	3.4120065624972320e-06	2.8545145090021163e-04	1.9858176658215514e-06	1.9630492914183290e-04	6.6703366168281693e-08	5.5113139353582715e-06
4.2999999999999995e-05	8.9736899233121645e-03	9.3269715870111891e-01	3.2640747118788636e-04	2.8255368656006471e-02	1.7979205654270028e-04	1.8591289443019653e-02	6.5841457646843516e-06	5.6258281519910218e-04	9.4200406912207081e-05	9.8083822998710421e-03	3.3883372157615688e-06	2.9718005318580507e-04	1.8927791208541101e-06	1.9608006047446499e-04	6.8564232073782048e-08	5.9342868319982422e-06
4.4999999999999996e-05	8.4055103952313456e-03	9.3123286864221622e-01	3.3015883065190478e-04	3.0260908113160657e-02	1.7282361532621664e-04	1.9040393500319032e-02	6.8366145972490042e-06	6.1789694997205842e-04	8.4181487444637143e-05	9.3418778560744511e-03	3.2564661856755034e-06	3.0361954001152522e-04	1.7363533305896503e-06	1.9164379722398122e-04	6.7674511796538906e-08	6.2201637370883415e-06
4.6999999999999997e-05	7.7379339181679278e-03	9.3013360789845378e-01	3.2781022079206697e-04	3.2265378820525263e-02	1.6199705958839294e-04	1.9354320035435000e-02	6.9148825266367468e-06	6.7030108721538128e-04	7.2849602874881751e-05	8.7704426770465610e-03	3.0255135764091086e-06	3.0429562996263691e-04	1.5304851853271181e-06	1.8318277586264089e-04	6.4080837411759690e-08	6.3453119427525578e-06
4.8999999999999998e-05	6.9900360349427881e-03	9.2938134803542716e-01	3.1934730061462032e-04	3.4258627296787005e-02	1.4786352050509910e-04	1.9527664729677791e-02	6.8109240190080928e-06	7.1844478883639740e-04	6.0897038259344928e-05	8.1085474575305367e-03	2.7129972212212061e-06	2.9896045123215654e-04	1.2931046661139176e-06	1.7109226327133143e-04	5.8128168550335613e-08	6.2959288346264634e-06
5.1000000000000000e-05	6.1833323107851230e-03	9.2895094499907793e-01	3.0506103265604505e-04	3.6229961708614845e-02	1.3115831141751141e-04	1.9557037625180091e-02	6.5299140351750852e-06	7.6101309522713840e-04	4.9007407240992468e-05	7.3728734123866988e-03	2.3429860476538664e-06	2.8762027699819965e-04	1.0438068536092630e-06	1.5595283327002226e-04	5.0412752697567972e-08	6.0698674502583641e-06
5.3000000000000001e-05	5.3411802563504288e-03	9.2881097242010457e-01	2.8555264330873328e-04	3.8168206271555011e-02	1.1274995120148936e-04	1.9441200334673343e-02	6.0903126630199009e-06	7.9677637633247941e-04	3.7797755179684964e-05	6.5819632588724059e-03	1.9434032955988050e-06	2.7055251148564775e-04	8.0139040604945888e-07	1.3849398774201440e-04	4.1692712112747221e-08	5.6774341118103715e-06
5.4999999999999995e-05	4.4881100424614354e-03	9.2892471661720233e-01	2.6172077709287091e-04	4.0061791289907958e-02	9.3578511542674109e-05	1.9181169790101815e-02	5.5225481380464055e-06	8.2464017733693709e-04	2.7769296024824958e-05	5.7558254336578137e-03	1.5428313238553439e-06	2.4831013529483427e-04	5.8164714575052698e-07	1.1954713085478472e-04	3.2772786055765754e-08	5.1409991231119920e-06
5.6999999999999996e-05	3.6491032008054785e-03	9.2925131345320588e-01	2.3473046106456614e-04	4.1898878109995125e-02	7.4588463902947169e-05	1.8780278958586073e-02	4.8663803504832888e-06	8.4369246012119174e-04	1.9271832202653732e-05	4.9154923139686528e-03	1.1672620866159894e-06	2.2171232928633493e-04	3.9574394235837289e-07	9.9991253386537716e-05	2.4385608719238209e-08	4.4933914816210869e-06
5.8999999999999998e-05	2.8488421551238702e-03	9.2974700035103419e-01	2.0596475818991241e-04	4.3667516065337426e-02	5.6661827294463368e-05	1.8244186234915957e-02	4.1672029792548794e-06	8.5324554924713484e-04	1.2485419963351687e-05	4.0825353879195402e-03	8.3726408761294901e-07	1.9182067448106460e-04	2.4942330149624614e-07	8.0695400435828768e-05	1.7092733054007490e-08	3.7751929499317003e-06
6.0999999999999999e-05	2.1109562076291593e-03	9.3036645031484122e-01	1.7696127557638609e-04	4.5355826265597581e-02	4.0557453654958161e-05	1.7580827341889635e-02	3.4716913759742779e-06	8.5287021212017064e-04	7.4209262134421712e-06	3.2785432828781216e-03	5.6598884816956218e-07	1.5990114638304371e-04	1.4309392643751255e-07	6.2462388515799040e-05	1.1224033127092072e-08	3.0311865120369637e-06
6.3000000000000000e-05	1.4572912279065373e-03	9.3106414924314018e-01	1.4933688644395686e-04	4.6952205005882972e-02	2.6861712561006265e-05	1.6800306418164792e-02	2.8233008431494038e-06	8.4241964852136103e-04	3.9389898141281591e-06	2.5245720530139609e-03	3.5832127048949557e-07	1.2737303798078040e-04	7.2718716711807915e-08	4.5978241683749219e-05	6.8651647689366906e-09	2.3063288860266237e-06
6.4999999999999994e-05	9.0723052630166715e-04	9.3179577366656097e-01	1.2470500556428047e-04	4.8445537842041461e-02	1.5954708728344062e-05	1.5914726342089097e-02	2.2581491058995953e-06	8.2204171986759351e-04	1.7847992582284411e-06	1.8405807954081465e-03	2.1130512461926777e-07	9.5746887430475040e-05	3.1268642117897046e-08	3.1771403944617567e-05	3.8916581917506432e-09	1.6416882680691042e-06
6.7000000000000002e-05	4.7709309818472385e-04	9.3251952373120206e-01	1.0459042360656538e-04	4.9825414171880612e-02	7.9946138804881739e-06	1.4937961948917361e-02	1.8017715696041756e-06	7.9217847136790428e-04	6.3428316116924715e-07	1.2448690990159467e-03	1.1577417610649218e-07	6.6554370006666772e-05	1.0424341002665875e-08	2.0184976621814369e-05	2.0377807657783583e-09	1.0708042798514834e-06
6.8999999999999997e-05	1.7963257219242966e-04	9.3319736610505610e-01	9.0346982426253025e-05	5.1082331627230582e-02	2.9209028341241130e-06	1.3885383321753701e-02	1.4671246332005592e-06	7.5355282555271234e-04	1.4600538940137545e-07	7.5353561286076751e-04	5.8924252392911710e-08	4.1273849759363247e-05	2.1888281145333603e-09	1.1364093304457049e-05	9.8118621952938088e-10	6.1688273189823610e-07
7.0999999999999991e-05	2.3655892487707347e-05	9.3379614367872665e-01	8.3083226752882547e-05	5.2207879806087869e-02	4.7546306759778054e-07	1.2773539439201051e-02	1.2540483054681587e-06	7.0714317295292263e-04	1.2428630579635708e-08	3.7997876965742948e-04	2.7405102772065915e-08	2.1255791141189357e-05	1.2479260320543679e-10	5.2591926662268082e-06	4.2228085441756228e-10	2.9113813865722014e-07
7.2999999999999999e-05	1.3775261734226241e-05	9.3428851344518360e-01	8.3600609705605474e-05	5.3194893874446918e-02	2.3890525059027846e-07	1.1619814843789338e-02	1.1502099759050923e-06	6.5414736983298173e-04	4.3408848113088720e-09	1.3446112695058429e-04	1.0420600240011657e-08	7.6524396833886567e-06	3.4187760128034162e-11	1.6445217279014335e-06	1.4052078548232545e-10	9.2455519578640823e-08
7.4999999999999993e-05	1.5030054737213858e-04	9.3465368056080878e-01	9.2347917149742019e-05	5.4037570282485500e-02	1.6781142880320257e-06	1.0442073424625943e-02	1.1333649438377740e-06	5.9593829580446096e-04	3.1144186317297926e-09	2.3757724001621309e-05	2.3179465947788380e-09	1.3560571288811728e-06	3.0744128016944905e-11	1.4985085822583473e-07	1.7391210558112545e-11	8.3800255715941855e-09
7.7000000000000001e-05	4.2927268727160624e-04	9.3487790490988798e-01	1.0939440439234238e-04	5.4731539134386796e-02	4.2002661794788562e-06	9.2583037552229196e-03	1.1746128093955270e-06	5.3401356577776802e-04	1.6976472729571293e-08	5.0906281906016519e-05	4.2232098793032776e-09	2.9495386641100181e-06	8.7554401875309365e-11	3.0224928196173458e-07	2.5405780395126055e-11	1.7281570930730146e-08
7.8999999999999996e-05	8.4263215042950561e-04	9.3495476596588922e-01	1.3442282877085566e-04	5.5273890430901515e-02	7.2082473961617039e-06	8.0862796781401083e-03	1.2422223346177897e-06	4.6994219681163897e-04	1.7942534752859220e-07	2.1507313231064576e-04	2.4429384879532384e-08	1.2672482543148436e-05	1.2441679283402639e-09	1.5739698014646824e-06	1.9146566342877835e-10	9.1404299062543525e-08
8.0999999999999990e-05	1.3785107321569188e-03	9.3488518172132495e-01	1.6674224282626311e-04	5.5663154238067634e-02	1.0152633751421798e-05	6.9432480814439678e-03	1.3055519428584867e-06	4.0531099629330755e-04	7.3008056982828656e-07	5.1154371968709274e-04	7.7439767135951103e-08	3.0404791945590939e-05	4.7111943658567172e-09	3.4320947737329369e-06	5.4900868095069436e-10	2.0041523988474487e-07
8.2999999999999998e-05	2.0216303353038723e-03	9.3467718727532356e-01	2.0531920581007016e-04	5.5899237584661282e-02	1.2576039256070099e-05	5.8456532659599504e-03	1.3386096224268944e-06	3.4167318734696348e-04	1.9803480222945801e-06	9.3184076215160980e-04	1.8178179595031949e-07	5.5668754965879604e-05	1.1107710473517113e-08	5.3856232221419961e-06	1.0951524767567919e-09	3.1502368776637668e-07
8.4999999999999993e-05	2.7537892231517440e-03	9.3434548770419434e-01	2.4882507293998922e-04	5.5983323334383377e-02	1.4146615711842168e-05	4.8089042251680987e-03	1.3228666275490669e-06	2.8050136751396078e-04	4.2680622571553387e-06	1.4639671173487098e-03	3.5690090177885226e-07	8.7649372073605650e-05	2.0012860759514453e-08	7.0261034089412832e-06	1.7663157299304618e-09	4.1025513530363342e-07
8.7000000000000001e-05	3.5544146690255191e-03	9.3391080758635436e-01	2.9569629372181463e-04	5.5917738238790794e-02	1.4678635436405458e-05	3.8471878547047993e-03	1.2490495631294412e-06	2.2314636963684400e-04	7.9065378534687620e-06	2.0927645378788404e-03	6.1959047125019555e-07	1.2523158059059048e-04	2.9923434869294166e-08	8.0586672767401830e-06	2.4395962405720900e-09	4.6802565540429989e-07
8.8999999999999995e-05	4.4011609291807726e-03	9.3339906565876363e-01	3.4420421468698989e-04	5.5705798735471261e-02	1.4139289918991298e-05	2.9733278776345388e-03	1.1177675304909687e-06	1.7080302687649761e-04	1.3134088420212832e-05	2.8003742373642728e-03	9.8049154393456946e-07	1.6705204908259264e-04	3.8605606031470326e-08	8.3213057427373042e-06	2.9593336567256474e-09	4.7876283361713702e-07
9.0999999999999989e-05	5.2705328094638029e-03	9.3284040737870855e-01	3.9253072219212862e-04	5.5351643761523538e-02	1.2641973964932418e-05	2.1986863828026880e-03	9.3896730940892604e-07	1.2448330022826447e-04	2.0070005358479556e-05	3.5667808738422953e-03	1.4411943287113084e-06	2.1156244594483224e-04	4.3734313830321778e-08	7.7913267360326716e-06	3.1809240289580951e-09	4.4194234847292575e-07
9.2999999999999997e-05	6.1385174217263938e-03	9.3226813066371694e-01	4.3884613165616704e-04	5.4860063918163872e-02	1.0427316546068185e-05	1.5331025363671431e-03	7.3033483790061400e-07	8.4996758506593036e-05	2.8682258800027738e-05	4.3704184423945342e-03	1.9923951470808269e-06	2.5710056473840075e-04	4.3647322143588189e-08	6.5790525078661861e-06	3.0189606512339416e-09	3.6553859678789143e-07
9.4999999999999992e-05	6.9812095850273117e-03	9.3171754094925885e-01	4.8138596681730783e-04	5.4236335815204713e-02	7.8340188212793297e-06	9.8486137894668053e-04	5.1486422892961070e-07	5.2938042753010293e-05	3.8770890276709731e-05	5.1888147899042053e-03	2.6134198720102444e-06	3.0196542645154428e-04	3.8015121171839125e-08	4.9098438637562687e-06	2.4853313232571318e-09	2.6450810693007139e-07
9.7000000000000000e-05	7.7754192487936953e-03	9.3122477121669156e-01	5.1852360763803083e-04	5.3486069449217993e-02	5.2621497908420951e-06	5.6068472609700911e-04	3.1788923722419923e-07	2.8680716143819779e-05	4.9969363706337368e-05	5.9992510410407877e-03	3.2732394515093229e-06	3.4449246491119299e-04	2.8246151321466499e-08	3.0964123130179670e-06	1.7052590459596539e-09	1.5852354334155106e-07
9.8999999999999994e-05	8.4992518723124074e-03	9.3082560114010926e-01	5.4883615771371646e-04	5.2615075150895828e-02	3.1319358855917708e-06	2.6573604339626318e-04	1.6391329822071303e-07	1.2376795778059079e-05	6.1764214251999375e-05	6.7794130674725056e-03	3.9329006489449227e-06	3.8312510724379132e-04	1.7504144138998320e-08	1.5040466824915456e-06	9.0475829933706092e-10	6.9245394394428034e-08
1.0100000000000000e-04	9.1326545576467539e-03	9.3055430732393341e-01	5.7116124850222643e-04	5.1629255102094790e-02	1.8412787010479622e-06	1.0363170957627401e-04	7.3582746202450837e-08	3.9612683630683854e-06	7.3531382570062460e-05	7.5080140624408228e-03	4.5491029356454564e-06	4.1647944636048095e-04	1.0298315662611306e-08	5.1181207538849302e-07	3.7019998652395833e-10	1.7453524728979708e-08
1.0300000000000000e-04	9.6579217101993714e-03	9.3044257405514230e-01	5.8464283860074323e-04	5.0534522785832356e-02	1.7252622209615467e-06	7.6452213059559246e-05	6.1125243904420099e-08	3.1609810939244863e-06	8.4585839009796105e-05	8.1653700526842007e-03	5.0784957197547445e-06	4.4339922166270699e-04	1.1700670057850976e-08	4.7297000107640220e-07	3.8786857056374868e-10	2.0360977777723221e-08
1.0499999999999999e-04	1.0060154059473272e-02	9.3051849130107533e-01	5.8876438555909255e-04	4.9336752086712780e-02	3.0207779511614446e-06	1.8474842667826259e-04	1.3252470702256406e-07	9.5074389182716305e-06	9.4239662477910884e-05	8.7339135001215529e-03	5.4821690833105023e-06	4.6299893260306140e-04	2.6329207415849188e-08	1.6778284119992048e-06	1.1768194459385520e-09	8.9400186993885292e-08
1.0700000000000000e-04	1.0327664134891000e-02	9.3080566397491871e-01	5.8336808886838250e-04	4.8041756173973715e-02	5.8391047187922427e-06	4.2754003927466286e-04	2.8462894280425588e-07	2.2353194853980374e-05	1.0186278333733751e-04	9.1986337139435322e-03	5.7297791213251257e-06	4.7469356667114999e-04	5.7294504619685028e-08	4.3219792889749439e-06	2.8306819654797180e-09	2.2871199549336016e-07
1.0899999999999999e-04	1.0452320014997447e-02	9.3132245379684253e-01	5.6865926111865448e-04	4.6655294820921421e-02	1.0148823309932443e-05	8.0230535594082478e-04	5.0529185970570419e-07	4.0891657796042197e-05	1.0694022723706861e-04	9.5474363213484004e-03	5.8027904162726376e-06	4.7821409454964565e-04	1.0532768550061140e-07	8.4824459731923689e-06	5.2826883647751811e-09	4.3448730212975071e-07
1.1100000000000000e-04	1.0429817707274278e-02	9.3208137234184973e-01	5.4519531693785037e-04	4.5183107472223163e-02	1.5770817194464319e-05	1.3049638767662220e-03	7.7454505615863648e-07	6.4180233804154353e-05	1.0911995388661180e-04	9.7714172838708757e-03	5.6964284045604083e-06	4.7360854358781667e-04	1.6828479716658799e-07	1.4103673229766567e-05	8.3033768987799956e-09	6.9521772682381128e-07
1.1300000000000000e-04	1.0259871273789519e-02	9.3308864096508770e-01	5.1385940434914019e-04	4.3630968184117540e-02	2.2386309711073992e-05	1.9298551943176580e-03	1.0666824522880577e-06	9.1166740805229241e-05	1.0824626015838906e-04	9.8650497100334963e-03	5.4200995784720997e-06	4.6122908616897702e-04	2.4115872686317703e-07	2.0994583311080769e-05	1.1533172667486253e-08	9.9281420646417481e-07
1.1499999999999999e-04	9.9463091956479358e-03	9.3434393007949756e-01	4.7581935050643279e-04	4.2004757550342983e-02	2.9557933213092182e-05	2.6697196793424643e-03	1.3530369740903749e-06	1.2071898041215026e-04	1.0437513806933354e-04	9.8262838957386307e-03	4.9962360307442982e-06	4.4170615732036479e-04	3.1663572688012945e-07	2.8837127084206319e-05	1.4544048350592882e-08	1.3044600314809931e-06
1.1700000000000000e-04	9.4970658131108641e-03	9.3584028658182572e-01	4.3247333853857641e-04	4.0310545911331132e-02	3.6762760284506350e-05	3.5156880172940502e-03	1.6051421017759133e-06	1.5165721163059659e-04	9.7769813453122182e-05	9.6565625985316535e-03	4.4577259007431054e-06	4.1591113503106276e-04	3.8612661402374115e-07	3.7205920269974341e-05	1.6917603154842806e-08	1.6049864646637993e-06
1.1899999999999999e-04	8.9240582356278284e-03	9.3756425397249010e-01	3.8538453255675435e-04	3.8554681556638291e-02	4.3435124029063854e-05	4.4572877801853277e-03	1.7979153665289810e-06	1.8278905780549161e-04	8.8876757822668097e-05	9.3607545805418739e-03	3.8442741240091153e-06	3.8490956787692459e-04	4.4110371129370694e-07	4.5597715498730309e-05	1.8322857278021640e-08	1.8695028539141276e-06
1.2100000000000000e-04	8.2429420011221749e-03	9.3949618485228747e-01	3.3620765733568278e-04	3.6743877308460994e-02	4.9016013636495016e-05	5.4824757403995721e-03	1.9124857485281190e-06	2.1294610920513673e-04	7.8284545879630626e-05	8.9470100675986559e-03	3.1981721709093934e-06	3.4990730818854873e-04	4.7450432194325978e-07	5.3468671210066745e-05	1.8576893068606427e-08	2.0759855269423711e-06
1.2299999999999998e-04	7.4727429382073218e-03	9.4161074005211731e-01	2.8661123409036676e-04	3.4885288857798423e-02	5.3004971376906730e-05	6.5777044450973576e-03	1.9383184347520961e-06	2.4102118799312542e-04	6.6669792821336219e-05	8.4265421469276441e-03	2.5600213906870944e-06	3.1219219411781219e-04	4.8193617916992407e-07	6.0276693416908965e-05	1.7675306081519069e-08	2.2075347110715784e-06
1.2500000000000000e-04	6.6353679540759984e-03	9.4387756280436741e-01	2.3819968444178426e-04	3.2986578549731693e-02	5.5009859767885272e-05	7.7280305959690270e-03	1.8743685461963230e-06	2.6600495668343220e-04	5.4735830869802352e-05	7.8133384606754331e-03	1.9649424110820358e-06	2.7307410757071074e-04	4.6244778945228541e-07	6.5525603763565883e-05	1.5786380423998424e-08	2.2540469420765724e-06
1.2700000000000000e-04	5.7550034977919559e-03	9.4626211033155838e-01	1.9243975885721085e-04	3.1055959001495995e-02	5.4789719084203247e-05	8.9172709965851579e-03	1.7291130759518717e-06	2.8702031668882710e-04	4.3150596554431645e-05	7.1238080330825113e-03	1.4397151169631948e-06	2.3382630277488597e-04	4.1870406493193284e-07	6.8807583209492005e-05	1.3211280650358546e-08	2.2131187646829651e-06
1.2899999999999999e-04	4.8574167840759186e-03	9.4872661931781810e-01	1.5059566254283302e-04	2.9102211984195454e-02	5.2286265856342339e-05	1.0128209286041407e-02	1.5194531849403193e-06	3.0335290127924921e-04	3.2490288978401405e-05	6.3763688395629368e-03	1.0011444674540326e-06	1.9563083844811256e-04	3.5652135880912295e-07	6.9840303020334989e-05	1.0320271166566200e-08	2.0900888835582647e-06
1.3099999999999999e-04	3.9691809867958058e-03	9.5123117629648590e-01	1.1367681270758908e-04	2.7134679373471287e-02	4.7640409322895217e-05	1.1342853502425341e-02	1.2686275494640420e-06	3.1447595248110716e-04	2.3194698785720489e-05	5.5909828653010378e-03	6.5576113167640024e-07	1.5953074467253930e-04	2.8384352097001069e-07	6.8495415521800142e-05	7.4801029859726641e-09	1.8972297074049022e-06
1.3300000000000001e-04	3.1168509860191483e-03	9.5373485939762459e-01	8.2401378199033437e-05	2.5163224609891073e-02	4.1191437539372388e-05	1.2542740926268050e-02	1.0034095599460346e-06	3.2006800802400601e-04	1.5538763768266991e-05	4.7886469095721178e-03	4.0077275339765993e-07	1.2639120988743575e-04	2.0935518592755435e-07	6.4815644227659116e-05	4.9889963695656096e-09	1.6522024671523090e-06
1.3500000000000000e-04	2.3261203757336439e-03	9.5619691449048971e-01	5.7177679385799684e-05	2.3198164908089548e-02	3.3458135280897647e-05	1.3709282929650507e-02	7.5095612393841845e-07	3.2002211978001571e-04	9.6230324945033217e-06	3.9908491897836284e-03	2.2601225148740249e-07	9.6871590015524815e-05	1.4100506019908984e-07	5.9018563865944560e-05	3.0328722962705718e-09	1.3759791060944364e-06
1.3700000000000000e-04	1.6209928980369787e-03	9.5857792680258413e-01	3.8104253611013151e-05	2.1250176291367773e-02	2.5102874043914212e-05	1.4824139038118430e-02	5.3571820164796821e-07	3.1444576702496058e-04	5.3835333975159694e-06	3.2190037361017423e-03	1.1650969631188837e-07	7.1409438955683400e-05	8.4732745857749830e-08	5.1486238999288074e-05	1.6705055499069733e-09	1.0904965906131044e-06
1.3899999999999999e-04	1.0230019837241533e-03	9.6084094878041382e-01	2.4988037071546528e-05	1.9330175268183560e-02	1.6881457640790484e-05	1.5869606452043723e-02	3.7680596432622168e-07	3.0365118399093457e-04	2.6193158745235344e-06	2.4938764438171557e-03	5.5260382372009190e-08	5.0217068734684337e-05	4.3651668713760776e-08	4.2741106487071368e-05	8.4777658211294727e-10	8.1633620704897563e-07
1.4099999999999998e-04	5.5051053325718476e-04	9.6295254634608241e-01	1.7378807229678692e-05	1.7449182471417416e-02	9.5830056880683359e-06	1.6829009195999143e-02	2.8612753803957920e-07	2.8813644194628928e-04	1.0339214744911469e-06	1.8350182444095704e-03	2.5778171697101567e-08	3.3290411339701580e-05	1.7845619640782861e-08	3.3409727743879879e-05	4.3421462308665485e-10	5.7070784964192390e-07
1.4300000000000001e-04	2.1811953001247812e-04	9.6488372874604378e-01	1.4616896063938870e-05	1.5618174728225307e-02	3.9652265762534446e-06	1.7687070122481299e-02	2.6750215668665988e-07	2.6855825027255850e-04	2.8549804994140705e-07	1.2602219532039862e-03	1.4102180744431210e-08	2.0429223719103671e-05	4.8071364478087879e-09	2.4177174303283875e-05	2.7033503484284657e-10	3.6596921964758381e-07
1.4500000000000000e-04	3.6208779561065734e-05	9.6661073171424483e-01	1.5890328544111183e-05	1.3847932724144982e-02	6.9093871589435145e-07	1.8430249334817343e-02	3.1680590881914923e-07	2.4569800410875227e-04	3.9368825286033372e-08	7.8501977250774622e-04	1.0048399616635590e-08	1.1267006921653955e-05	4.1021774131204914e-10	1.5735720179177091e-05	2.1293250617066245e-10	2.0882995073928477e-07
1.4700000000000000e-04	1.0626409521928683e-05	9.6811562941155471e-01	2.0297034560934642e-05	1.2148891615473506e-02	2.7158437216315155e-07	1.9047034225209286e-02	4.2306431329403098e-07	2.2042304913945360e-04	1.6710061479169031e-08	4.2223805247940994e-04	7.6415254854840581e-09	5.3084513833850091e-06	1.9705498712080985e-10	8.7320925585870482e-06	1.6756635431420983e-10	1.0029320386733118e-07
1.4899999999999999e-04	1.4253625683679973e-04	9.6938675721113277e-01	2.6907657226675258e-05	1.0531001619131604e-02	3.0227661345576842e-06	1.9528169119520017e-02	5.7028303193861122e-07	1.9364541213745404e-04	3.3580138459394147e-08	1.8162468707861597e-04	4.8003329469463612e-09	1.9718158464889519e-06	6.9290632867593709e-10	3.7177094450142029e-06	1.0209642061626962e-10	3.6286983005933880e-08
1.5099999999999998e-04	4.2842449378374046e-04	9.7041893448583516e-01	3.4824724472700856e-05	9.0036048046485597e-03	9.0356206092800334e-06	1.9866816225202727e-02	7.3972362623744592e-07	1.6628033443587549e-04	2.5792632197592107e-08	6.9562473964041025e-05	2.4597252599462247e-09	6.3342660461476570e-07	4.5869147525428230e-10	1.1060858938668974e-06	4.0810796146605446e-11	8.8490438155921902e-09
1.5300000000000001e-04	8.6025939244674420e-04	9.7121348372133032e-01	4.3234514275411407e-05	7.5753331040537891e-03	1.8166285397799799e-05	2.0058643840666988e-02	9.1229528271420735e-07	1.3920684348260528e-04	5.6872241278761907e-08	8.8878990344452806e-05	3.3786523820806438e-09	6.7145929763460587e-07	6.4768255604749809e-10	1.1409459667628582e-06	4.3796873665876682e-11	7.6650616240483830e-09
1.5500000000000000e-04	1.4257915442289059e-03	9.7177804915542298e-01	5.1448747440489194e-05	6.2540310486363547e-03	3.0044005535637425e-05	2.0101842198493047e-02	1.0707470637623080e-06	1.1323232653412728e-04	3.0835769301381028e-07	2.3876018503422728e-04	1.0898894808225817e-08	1.5063322926710086e-06	4.9379265643357868e-09	3.8776077742816295e-06	1.7943861545058088e-10	2.1727570033782049e-08
1.5699999999999999e-04	2.1089765800325574e-03	9.7212622441552599e-01	5.8934189591337694e-05	5.0467050617324797e-03	4.4096759904356866e-05	1.9997071473696074e-02	1.2014016582153259e-06	8.9062670273354285e-05	1.0537785507683348e-06	5.1477115486453387e-04	2.7888176772178288e-08	2.6353775115662805e-06	1.8842933103320603e-08	9.1790213517975490e-06	4.9862769467682357e-10	4.0885548685927097e-08
1.5899999999999999e-04	2.8904987778611826e-03	9.7227700405838469e-01	6.5329236423735553e-05	3.9594994143451225e-03	5.9591838366306532e-05	1.9747350029857603e-02	1.2952580548673283e-06	6.7279052165189734e-05	2.6194982804428294e-06	9.0898367720923219e-04	5.6032904765142211e-08	3.6599271877597876e-06	4.8532222253670418e-08	1.6726560637293309e-05	1.0175732913165293e-09	5.7088505526801660e-08
1.6099999999999998e-04	3.7483720267418729e-03	9.7225407837044808e-01	7.0447503204409942e-05	2.9976973087750443e-03	7.5687693116917019e-05	1.9357893623774828e-02	1.3483912723658797e-06	4.8321968737998809e-05	5.3370830603550932e-06	1.4102062279169681e-03	9.5556861554784080e-08	4.3035209113798279e-06	9.9394443233865521e-08	2.6044430869156516e-05	1.7127488423337785e-09	6.5187094289580537e-08
1.6300000000000000e-04	4.6585943887087347e-03	9.7208499422456218e-01	7.4269269709564622e-05	2.1657441002929296e-03	9.1492693210486962e-05	1.8835917877274830e-02	1.3616764747863539e-06	3.2482613531109535e-05	9.4927782386706553e-06	2.0043086285970861e-03	1.4535009214799302e-07	4.4205506665788768e-06	1.7462951521837447e-07	3.6535466945710771e-05	2.5276449707875667e-09	6.3224512027610086e-08
1.6500000000000000e-04	5.5958337465831136e-03	9.7180020726129468e-01	7.6922298961998081e-05	1.4672884792633969e-03	1.0612614251477538e-04	1.8190416806264233e-02	1.3399491972411796e-06	1.9901313516753941e-05	1.5279972192734805e-05	2.6746303133982486e-03	2.0341332706067378e-07	3.9952781701639973e-06	2.7415337160146455e-07	4.7525256251349245e-05	3.3877331176830465e-09	5.2227937314201716e-08
1.6699999999999999e-04	6.5341243906132766e-03	9.7143205229775642e-01	7.8654032148919875e-05	9.0523656901743334e-04	1.1877704318105501e-04	1.7431929637110214e-02	1.2907737896868542e-06	1.0572423273453008e-05	2.2760190223221092e-05	3.4024586189241859e-03	2.6747005699951761e-07	3.1317399292589963e-06	3.9404152947048163e-07	5.8310977526309487e-05	4.2182094726824536e-09	3.5576687292989184e-08
1.6899999999999999e-04	7.4475574377891787e-03	9.7101365983717858e-01	7.9797466493791155e-05	4.8181337337123480e-04	1.2875653033861089e-04	1.6572306695904426e-02	1.2230239912853716e-06	4.3548711509193316e-06	3.1837243051179633e-05	4.1675615728981397e-03	3.3557781304609114e-07	2.0355702831296002e-06	5.2663817868217754e-07	6.8211127178509194e-05	4.9590211901635173e-09	1.8075335862924406e-08
1.7099999999999998e-04	8.3109512156502308e-03	9.7057784704937722e-01	8.0733168833425784e-05	1.9862583286061889e-04	1.3554058441924555e-04	1.5624483047013183e-02	1.1454825279764116e-06	9.8744652313178070e-07	4.2247763065415498e-05	4.9487584315846067e-03	4.0658335903917870e-07	9.8919956706986604e-07	6.6133534943116056e-07	7.6612396192952785e-05	5.5731934974131723e-09	4.8904619387749757e-09
1.7300000000000000e-04	9.1004907237636507e-03	9.7015601179007982e-01	8.1849896364661365e-05	5.6721902517279520e-05	1.3880046071397799e-04	1.4602266035431365e-02	1.0656439601001555e-06	1.0789564575410455e-07	5.3569643657509129e-05	5.7245106900288287e-03	4.8030885631751594e-07	3.2221047575438215e-07	7.8590478787375235e-07	8.3010329788921560e-05	6.0469808178327525e-09	5.1692717405180433e-10
1.7500000000000000e-04	9.7943276354521946e-03	9.6977705825416638e-01	8.3506220375642508e-05	5.6640515971346405e-05	1.3841918883712023e-04	1.3520140207458156e-02	9.8886216070943131e-07	1.2749316371726003e-06	6.5248023941574684e-05	6.4735164164939317e-03	5.5741868449112512e-07	3.7885516892853926e-07	8.8816533890918872e-07	8.7040996673513896e-05	6.3830489494609122e-09	7.9245716832605997e-09
1.7699999999999999e-04	1.0373133766803273e-02	9.6946638277385944e-01	8.5995406228305232e-05	1.9844801411355952e-04	1.3449343285547316e-04	1.2393090480138910e-02	9.1792746710544346e-07	3.9923344972038867e-06	7.6636613626450694e-05	7.1752914588522074e-03	6.3898773578480093e-07	1.4848485852926949e-06	9.5770820575181413e-07	8.8501654629405274e-05	6.5899713733279307e-09	2.8002410449145371e-08
1.7899999999999999e-04	1.0820601417315816e-02	9.6924494805427108e-01	8.9515610374210240e-05	4.8175755314082874e-04	1.2732092852199656e-04	1.1236442099539350e-02	8.5309581666574735e-07	7.7343936108706994e-06	8.7050507739036933e-05	7.8107222226737570e-03	7.2585886500170833e-07	3.9155631203368950e-06	9.8739146368212677e-07	8.7359261220609273e-05	6.6722310449833243e-09	5.9370075311898306e-08
1.8099999999999998e-04	1.1123883535891986e-02	9.6912847367695165e-01	9.4147217027749211e-05	9.0572912904855296e-04	1.1737460210884581e-04	1.0065714024937483e-02	7.9253004425222192e-07	1.1972005972326264e-05	9.5825359160439099e-05	8.3625761971557501e-03	8.1792781116335424e-07	7.8676611399327017e-06	9.7435500704353611e-07	8.3746581508705156e-05	6.6244606260254015e-09	9.8571753105369610e-08
1.8300000000000000e-04	1.1273965499621470e-02	9.6912676981340362e-01	9.9838845751775974e-05	1.4690491268984131e-03	1.0526530463494641e-04	8.8964810087784132e-03	7.3305856668257828e-07	1.6198773368741226e-05	1.0237699158858202e-04	8.8159580710218590e-03	9.1351888684307352e-07	1.3436019911870612e-05	9.2039032241373753e-07	7.7946532157363764e-05	6.4320265515870828e-09	1.4061304133249641e-07
1.8500000000000000e-04	1.1265958750966873e-02	9.6924323953682245e-01	1.0640320112274386e-04	2.1698896854110109e-03	9.1695840539719894e-05	7.7442388766957703e-03	6.7111485913699734e-07	1.9956434261434629e-05	1.0625534024785598e-04	9.1587010134710507e-03	1.0090086300542874e-06	2.0597533464093910e-05	8.3161124675312795e-07	7.0366221811880099e-05	6.0777933755078374e-09	1.7975263676945207e-07
1.8699999999999999e-04	1.1099305048946703e-02	9.6947457264114045e-01	1.1352348941862798e-04	3.0058496171058873e-03	7.7409595622953442e-05	6.6242673763120870e-03	6.0369744690730092e-07	2.2858923175716455e-05	1.0718704557163349e-04	9.3816844005725347e-03	1.0988170395737118e-06	2.9203022892319731e-05	7.1749227945548324e-07	6.1502855237585702e-05	5.5527021320527073e-09	2.1042451647438027e-07
1.8899999999999999e-04	1.0777879115318398e-02	9.6981065022724999e-01	1.2077058293122209e-04	3.9738800878146244e-03	6.3137528062679577e-05	5.5514854524798896e-03	5.2918818116997787e-07	2.4614282558217216e-05	1.0510207933381932e-04	9.4790708919999227e-03	1.1758220436097170e-06	3.8978057438384566e-05	5.8944844353017856e-07	5.1904222858152650e-05	4.8663485286050949e-09	2.2814691823929380e-07
1.9099999999999998e-04	1.0309977439934781e-02	9.7023467431191945e-01	1.2763047079301245e-04	5.0701996695404813e-03	4.9547522925976018e-05	4.5402948830708684e-03	4.4788786834274057e-07	2.5043576969802749e-05	1.0014137074675590e-04	9.4484573030325040e-03	1.2321726698263142e-06	4.9532993120936487e-05	4.5920557831897074e-07	4.2126863441019600e-05	4.0535241029657981e-09	2.3027484385468102e-07
1.9300000000000000e-04	9.7081823131993789e-03	9.7072353027141955e-01	1.3354081551880578e-04	6.2902046543843858e-03	3.7200069439202811e-05	3.6044098042820006e-03	3.6217167284230412e-07	2.4095900041131365e-05	9.2644374168255328e-05	9.2909352186125640e-03	1.2603940234748012e-06	6.0381988873901218e-05	3.3723848147469681e-07	3.2695138447521457e-05	3.1737924985038317e-09	2.1647362307006865e-07
1.9500000000000000e-04	8.9890930079036830e-03	9.7124838210383935e-01	1.3793467798267183e-04	7.6283815577986840e-03	2.6513858491002433e-05	2.7566716646651116e-03	2.7622767784875292e-07	2.1858546192297641e-05	8.3117676429180623e-05	9.0110588471898692e-03	1.2546083702537517e-06	7.0970184049836183e-05	2.3153128607819381e-07	2.4064374419038571e-05	2.3033081032183519e-09	1.8883037765214400e-07
1.9699999999999999e-04	8.1729204928027814e-03	9.7177549149968501e-01	1.4028874262934349e-04	9.0782294419635215e-03	1.7744198391981694e-05	2.0088514340286471e-03	1.9541284673424882e-07	1.8561466209864470e-05	7.2187838927676912e-05	8.6167193220507195e-03	1.2116559929645217e-06	8.0707645808745807e-05	1.4684461344392056e-07	1.6590909928098363e-05	1.5206004581213073e-09	1.5157350011675983e-07
1.9899999999999999e-04	7.2829479812026397e-03	9.7226724194079961e-01	1.4017274788069716e-04	1.0632199951939723e-02	1.0976130281785166e-05	1.3714432836859675e-03	1.2533095869189217e-07	1.4575258273521795e-05	6.0543455621186165e-05	8.1189266338457175e-03	1.1318975792379321e-06	8.9008158194285144e-05	8.4571528602843122e-08	1.0511337369549477e-05	8.9014389432207882e-10	1.1043067363753700e-07
2.0099999999999998e-04	6.3448666515582963e-03	9.7268333905498761e-01	1.3729638946398547e-04	1.2281662691484813e-02	6.1328554335215205e-06	8.5345624611013319e-04	7.0795089985587723e-08	1.0402175424696736e-05	4.8872653497817169e-05	7.5315026951852312e-03	1.0195205501457398e-06	9.5330470414256319e-05	4.3150064569610685e-08	5.9324871905542228e-06	4.4849782056764283e-10	7.1715026568889382e-08
2.0300000000000000e-04	5.3860034941059128e-03	9.7298214891645962e-01	1.3154979689696935e-04	1.4016902716148066e-02	2.9986733767623794e-06	4.6221233622350963e-04	3.4871619029586607e-08	6.6599565826225116e-06	3.7802794110234393e-05	6.8706917124833622e-03	8.8225059833359847e-07	9.9219296066408125e-05	1.8897509798403304e-08	2.8328128649679104e-06	1.9725815090776993e-10	4.1277678461295742e-08
