9.9999999999999995e-07	9.9968470773983309e-01	7.8750121609151734e-05	7.8902034009481657e-05	6.2155043299688727e-09	7.8844660360636988e-05	6.2109848658909588e-09	6.2229660995652658e-09	4.9021388631394792e-13	7.8758160843185891e-05	6.2041708685669452e-09	6.2161389911838765e-09	4.8967608103157964e-13	6.2116190502221822e-09	4.8932003411516381e-13	4.9026395229634903e-13	3.8620521692365972e-17
3.0000000000000001e-06	9.9874522727982329e-01	3.1253183766420271e-04	3.1495313424305458e-04	9.8556511353398530e-08	3.1403714159735654e-04	9.8269911059709524e-08	9.9031236901527557e-08	3.0989287398303495e-11	3.1265987933004369e-04	9.7838931619766789e-08	9.8596927022577457e-08	3.0853381141312837e-11	9.8310205172950404e-08	3.0763670197842091e-11	3.1002006009027142e-11	9.7012831278609910e-15
4.9999999999999996e-06	9.9720056390818446e-01	6.9402787568354093e-04	7.0620770903913192e-04	4.9150284626835362e-07	7.0158715772089097e-04	4.8828796809566361e-07	4.9685700592737482e-07	3.4580000432612936e-10	6.9467115150155696e-04	4.8347458354845185e-07	4.9195936497121887e-07	3.4239136287843944e-10	4.8874139401974042e-07	3.4015236958753013e-10	3.4612178930667944e-10	2.4089206908378942e-13
6.9999999999999999e-06	9.9508178821530546e-01	1.2113341382499129e-03	1.2494866902318402e-03	1.5210175740568737e-06	1.2349565788375841e-03	1.5033387287591911e-06	1.5506867097442097e-06	1.8876724678007588e-09	1.2133454393759833e-03	1.4770309482013544e-06	1.5235524589681587e-06	1.8546414601031964e-09	1.5058430386573712e-06	1.8330943444285482e-09	1.8908286586951060e-09	2.3017317418810716e-12
9.0000000000000002e-06	9.9243115404767135e-01	1.8483822546238433e-03	1.9404690464217224e-03	3.6140304684339973e-06	1.9052221417282952e-03	3.5484359491944797e-06	3.7252101449665013e-06	6.9380243070405537e-09	1.8532246276701501e-03	3.4515912052737046e-06	3.6235530314193756e-06	6.7486918816832748e-09	3.5577787283505255e-06	6.6262859532334650e-09	6.9563963540327943e-09	1.2955949518163653e-11
1.1000000000000000e-05	9.8930091268434639e-01	2.5855032120683688e-03	2.7738124560470431e-03	7.2490426504435445e-06	2.7012920860892890e-03	7.0597303544840752e-06	7.5738690331521070e-06	1.9793438681342289e-08	2.5953729404564890e-03	6.7829125513846819e-06	7.2769422296144380e-06	1.9017448964495669e-08	7.0868699319878430e-06	1.8521271682860090e-08	1.9870151363391842e-08	5.1928335856511749e-11
1.2999999999999999e-05	9.8575186882993027e-01	3.4001064201408348e-03	3.7432963248071175e-03	1.2910847946626678e-05	3.6101665860238993e-03	1.2452368153683083e-05	1.3709111478101080e-05	4.7283507147480063e-08	3.4180187820319827e-03	1.1789596282165637e-05	1.2979617929700524e-05	4.4767418228587829e-08	1.2518583009544331e-05	4.3179684927427344e-08	4.7537692755338487e-08	1.6396005424899342e-10
1.4999999999999999e-05	9.8185173244140012e-01	4.2674442710335554e-03	4.8419792226624715e-03	2.1042785910405018e-05	4.6172303117840065e-03	2.0067957091308187e-05	2.2769358192422966e-05	9.8953417395371954e-08	4.2972754615606514e-03	1.8677315316563649e-05	2.1191986425351270e-05	9.2098229081022201e-08	2.0209902081384697e-05	8.7838546587365591e-08	9.9663219542931150e-08	4.3312595986096632e-10
1.7000000000000000e-05	9.7767332590262135e-01	5.1614298565625140e-03	6.0623622336875363e-03	3.2000094878327246e-05	5.7065647644889287e-03	3.0126626663506293e-05	3.5384282137358071e-05	1.8677523636291578e-07	5.2079096929599136e-03	2.7494044199016129e-05	3.2293408073266724e-05	1.7045987184512224e-07	3.0401852129492510e-05	1.6049987908992996e-07	1.8851155656955802e-07	9.9505198929479623e-10
1.8999999999999998e-05	9.7329270849467819e-01	6.0554750281698721e-03	7.3965496765341929e-03	4.6007820181757399e-05	6.8612681909635629e-03	4.2688252797908890e-05	5.2139997445295050e-05	3.2431928780602696e-07	6.1241266504030827e-03	3.8101958849893954e-05	4.6540748921886900e-05	2.8949041784252198e-07	4.3180538853232248e-05	2.6865221436043909e-07	3.2813920683020198e-07	2.0410715681702786e-09
2.0999999999999999e-05	9.6878727957121280e-01	6.9233173219958180e-03	8.8363991418682515e-03	6.3126375041483416e-05	8.0637718480402049e-03	5.7626592519625399e-05	7.3545657879748848e-05	5.2540180709106162e-07	7.0203420569302909e-03	5.0169733592195725e-05	6.4033939712195795e-05	4.5744973743679489e-07	5.8450294578726671e-05	4.1770445841300423e-07	5.3310222354450501e-07	3.8084007198905699e-09
2.3000000000000000e-05	9.6423391862545538e-01	7.7398071605578817e-03	1.0373653747226704e-02	8.3227290972097309e-05	9.2961430222776066e-03	7.4618926244834788e-05	1.0000279880580898e-04	8.0231478487713425e-07	7.8719149959517610e-03	6.3186600765977304e-05	8.4690909082575606e-05	6.7946569915849140e-07	7.5921448226062122e-05	6.0940712109819551e-07	8.1673427949543655e-07	6.5525469156430536e-09
2.4999999999999998e-05	9.5970721498024680e-01	8.4816308259720603e-03	1.2000050842420800e-02	1.0598098493697823e-04	1.0540367348680309e-02	9.3152445955622506e-05	1.3177854341720209e-04	1.1638251743015836e-06	8.6558194643896486e-03	7.6497038256774494e-05	1.0823359494864908e-04	9.5587823488290930e-07	9.5113979291940070e-05	8.4057926574466352e-07	1.1891665801895661e-06	1.0502225656858032e-08
2.6999999999999999e-05	9.5527783270339217e-01	9.1279495557735433e-03	1.3707403004631221e-02	1.3085757250363435e-04	1.1778605405482078e-02	1.1254718217610115e-04	1.6898355875949808e-04	1.6131909198156742e-06	9.3512376753502081e-03	8.9352606388071315e-05	1.3418600672676409e-04	1.2809884120810515e-06	1.1537698764174912e-04	1.1024389080509331e-06	1.6553207251602359e-06	1.5802207172318366e-08
2.9000000000000000e-05	9.5101104815844983e-01	9.6609403043440706e-03	1.5487648928486081e-02	1.5714093002065907e-04	1.2993421074237567e-02	1.3199385831130051e-04	2.1155541288283238e-04	2.1464707106504717e-06	9.9400633031854480e-03	1.0097553520872489e-04	1.6188456852783386e-04	1.6424872515730099e-06	1.3592262640238072e-04	1.3807503016834321e-06	2.2131372536634326e-06	2.2454423614741275e-08
3.1000000000000001e-05	9.4696548894886989e-01	1.0066228831566148e-02	1.7332873631116255e-02	1.8395540867526601e-04	1.4167981535473688e-02	1.5060381432602135e-04	2.5924776951485401e-04	2.7513971232700823e-06	1.0407307819232778e-02	1.1062737623546823e-04	1.9050026862241879e-04	2.0217549439477422e-06	1.5587200518498600e-04	1.6568672511791861e-06	2.8523010138667645e-06	3.0270847712781283e-08
3.2999999999999996e-05	9.4319209444709473e-01	1.0333210480901191e-02	1.9235299153391113e-02	2.1030387372351851e-04	1.5286230834348631e-02	1.6746715033501785e-04	3.1162567260178763e-04	3.4070378673067928e-06	1.0741407444686116e-02	1.1767550947830801e-04	2.1907151046365273e-04	2.3950970643503566e-06	1.7430965587363038e-04	1.9095918011406817e-06	3.5536884826243271e-06	3.8851885068950853e-08
3.4999999999999997e-05	9.3973331006772109e-01	1.0455258037929707e-02	2.1187248559207870e-02	2.3511511600412486e-04	1.6333040550123978e-02	1.8171457602031817e-04	3.6806702404332416e-04	4.0843911460768446e-06	1.0934431804644935e-02	1.2165057605934571e-04	2.4654602922018811e-04	2.7358394553562386e-06	1.9034251992679202e-04	2.1176129304105450e-06	4.2896948292465302e-06	4.7600735993525557e-08
3.6999999999999998e-05	9.3662252026932746e-01	1.0429819269193100e-02	2.3181087445673834e-02	2.5729818105038897e-04	1.7294342136446435e-02	1.9257815618051156e-04	4.2777024073963738e-04	4.7479571725625080e-06	1.0982197978654257e-02	1.2228893640116889e-04	2.7182981653535920e-04	3.0170609772588894e-06	2.0315909638850477e-04	2.2621707527816707e-06	5.0255068027433429e-06	5.5777703515577546e-08
3.8999999999999999e-05	9.3388371914227608e-01	1.0258409088901247e-02	2.5209148327506072e-02	2.7580079444494975e-04	1.8157245916486802e-02	1.9944622847025391e-04	4.8976798233333425e-04	5.3582106595680072e-06	1.0884295299150436e-02	1.1955590017457129e-04	2.9384068654916785e-04	3.2146270379173255e-06	2.1208439212714827e-04	2.3295325099346932e-06	5.7212813943793740e-06	6.2589978619249594e-08
4.1000000000000000e-05	9.3153141241790594e-01	9.9465028442986634e-03	2.7263644115170675e-02	2.8966883356997680e-04	1.8910151519747048e-02	2.0190822038920972e-04	5.5294675528592605e-04	5.8747827592783561e-06	1.0644027045405957e-02	1.1364754116001235e-04	3.1156391313469698e-04	3.3101168929444817e-06	2.1662662829838918e-04	2.3128804915064185e-06	6.3350815813356314e-06	6.7303909584782818e-08
4.2999999999999995e-05	9.2957074076102875e-01	9.5033380844929804e-03	2.9336577448798185e-02	2.9810370390459995e-04	1.9542853786363421e-02	1.9978586742577903e-04	6.1607210709914764e-04	6.2600600495871097e-06	1.0268275293742598e-02	1.0497116451309192e-04	3.2410726425721942e-04	3.2932274370370107e-06	2.1651225058925234e-04	2.2132981694464402e-06	6.8263218639917294e-06	6.9360266274689124e-08
4.4999999999999996e-05	9.2799781113621838e-01	8.9416325710377966e-03	3.1419652870783112e-02	3.0051451877381919e-04	2.0046646933147668e-02	1.9314837044282456e-04	6.7781901265238616e-04	6.4828360661858909e-06	9.7672948450292923e-03	9.4106691627990593e-05	3.3075274760130402e-04	3.1632897249697221e-06	2.1170662222942674e-04	2.0396846250543399e-06	7.1593997095898857e-06	6.8470331886256806e-08
4.6999999999999997e-05	9.2680022066496814e-01	8.2772264152540798e-03	3.3504198720050116e-02	2.9656215106373113e-04	2.0414428200818582e-02	1.8231024905875158e-04	7.3680691263865259e-04	6.5216179794453077e-06	9.1544416099599134e-03	8.1753140411956897e-05	3.3100245850271025e-04	2.9296459449526555e-06	2.0241879314190271e-04	1.8076029834126605e-06	7.3071444499831372e-06	6.4672776152870899e-08
4.8999999999999998e-05	9.2595775548723069e-01	7.5286562977392776e-03	3.5581105218103544e-02	2.8619252059631177e-04	2.0640800435545295e-02	1.6781195883365220e-04	7.9163868776735186e-04	6.3672034898491540e-06	8.4458403353231057e-03	6.8665816123164689e-05	3.2461608720881369e-04	2.6107889811500212e-06	1.8908987126907813e-04	1.5372440951865375e-06	7.2537096465585726e-06	5.8338049498176805e-08
5.1000000000000000e-05	9.2544324548733103e-01	6.7166699218228357e-03	3.7640784505440006e-02	2.6965689844540971e-04	2.0722171264850018e-02	1.5038464752916935e-04	8.4094264500030286e-04	6.0242018735575833e-06	7.6599963097171648e-03	5.5590655298092991e-05	3.1163790149319061e-04	2.2323419570479872e-06	1.7236570043275797e-04	1.2508301652988830e-06	6.9965714514467124e-06	5.0117196312140013e-08
5.3000000000000001e-05	9.2522355415725410e-01	5.8636893083480477e-03	3.9673157397877273e-02	2.4751754488272644e-04	2.0656844874254510e-02	1.3090163330629483e-04	8.8341636475331668e-04	5.5112738083166767e-06	6.8173558486643183e-03	4.3202314175880235e-05	2.9241137810580243e-04	1.8241253523996620e-06	1.5305569479600993e-04	9.6986860034471768e-07	6.5473724935694859e-06	4.0843330565334793e-08
5.4999999999999995e-05	9.2526068122429528e-01	4.9932323253850672e-03	4.1667670395428652e-02	2.2063764253129982e-04	2.0445101032365867e-02	1.1032020480691138e-04	9.1787102924204098e-04	4.8599972956910706e-06	5.9398210112619363e-03	3.2052064724166271e-05	2.6758011645679853e-04	1.4166985808774991e-06	1.3208071246518900e-04	7.1267923503873855e-07	5.9314619595961135e-06	3.1403967938651201e-08
5.6999999999999996e-05	9.2551295391055854e-01	4.1293029662680661e-03	4.3613345031357185e-02	1.9015522603298937e-04	2.0089255081774750e-02	8.9618090681230301e-05	9.4327464621729010e-04	4.1124173885594726e-06	5.0502251522919536e-03	2.2530424043298562e-05	2.3807422947863348e-04	1.0378493796192426e-06	1.1041369164044701e-04	4.9255723513176660e-07	5.1861170387158415e-06	2.2608615913947068e-08
5.8999999999999998e-05	9.2593628084075630e-01	3.2957622785107802e-03	4.5498860047843113e-02	1.5744162092488442e-04	1.9593692211919454e-02	6.9729363037981888e-05	9.5879242661023084e-04	3.3174883122366025e-06	4.1717774998480828e-03	1.4847822761899550e-05	2.0508206088157730e-04	7.0952336905194875e-07	8.9017351802986541e-05	3.1681203868639953e-07	4.3575744272811549e-06	1.5076958130943733e-08
6.0999999999999999e-05	9.2648544076642614e-01	2.5156933814185468e-03	4.7312665192039596e-02	1.2404575439096656e-04	1.8964869517342373e-02	5.1484587481988902e-05	9.6382249635208641e-04	2.5267497322055244e-06	3.3274868378210306e-03	9.0346857411218981e-06	1.7000780557479140e-04	4.4563272542637525e-07	6.8783524432187830e-05	1.8676347819097398e-07	3.4971367198266879e-06	9.1683262423329063e-09
6.3000000000000000e-05	9.2711537658438714e-01	1.8107755230410227e-03	4.9043123719422398e-02	9.1626546108779800e-05	1.8211280132573057e-02	3.5559701419866616e-05	9.5802514537122248e-04	1.7896774202186065e-06	2.5395763819085612e-03	4.9602523374803659e-06	1.3441637975645607e-04	2.5106276975327938e-07	5.0478589028912228e-05	9.8609889647757596e-08	2.6567306132411353e-06	4.9639548593982536e-09
6.4999999999999994e-05	9.2778246379363061e-01	1.2006834219191215e-03	5.0678679057776475e-02	6.1876377199612489e-05	1.7343375085343293e-02	2.2437411872177306e-05	9.4134395679596188e-04	1.1491989353898312e-06	1.8289038508227924e-03	2.3675108607470574e-06	9.9967656819294835e-05	1.2202425933640826e-07	3.4699044443364043e-05	4.4940234494927505e-08	1.8843672006426858e-06	2.3018895472160675e-09
6.7000000000000002e-05	9.2844572177724871e-01	7.0252901411141312e-04	5.2208039618522675e-02	3.6439312850913566e-05	1.6373440336582980e-02	1.2383904175908026e-05	9.1401742285802110e-04	6.3785911418661130e-07	1.2144023229983009e-03	9.1995951891789814e-07	6.8342903694126886e-05	4.7701238119731668e-08	2.1840467140166950e-05	1.6568364288051388e-08	1.2199784973904693e-06	8.5308709184407899e-10
6.8999999999999997e-05	9.2906793632966578e-01	3.3036299499276955e-04	5.3620374536234250e-02	1.6828262606531331e-05	1.5315428649477283e-02	5.4424214435965125e-06	8.7658003503344258e-04	2.7505684911640910e-07	7.1255851641425930e-04	2.5470214069773551e-07	4.1166863698485892e-05	1.2948265865120351e-08	1.2082052797128827e-05	4.3378348402623000e-09	6.9207368330820664e-07	2.1886638846913008e-10
7.0999999999999991e-05	9.2961666286039424e-01	9.4753058123994230e-05	5.4905512258852089e-02	4.3455499394718432e-06	1.4184748288534797e-02	1.4439113836538484e-06	8.2985231617197430e-04	6.5659778410417859e-08	3.3694545140874991e-04	3.5764653974097638e-08	1.9929381064933468e-05	1.6262298104266379e-09	5.3876893251219848e-06	5.8272136537410278e-10	3.1557505198071541e-07	2.6369359035846466e-11
7.2999999999999999e-05	9.3006508182763614e-01	2.4543935467182872e-06	5.6054133472066482e-02	1.1389105817430577e-08	1.2998012911061490e-02	3.3556025142494703e-08	7.7491981182924489e-04	1.4984306386370908e-10	9.7825922597109772e-05	1.5439776396993061e-09	5.9107004196163409e-06	5.8596640869568781e-11	1.5231731397232284e-06	2.3461694863427393e-11	9.1065892593690563e-08	8.0451889949757447e-13
7.4999999999999993e-05	9.3039268125148722e-01	5.6185785124360854e-05	5.7057949870639842e-02	4.5045088351734374e-06	1.1772759191307408e-02	7.1071892361445301e-07	7.1310163780683572e-04	5.6278287355580373e-08	1.8417530328496659e-06	9.7643685634543175e-10	1.1456555398429983e-07	5.8027348967293124e-11	8.7872998673258303e-08	6.1374496867039357e-12	5.5250850329424179e-09	3.2016851011099923e-13
7.7000000000000001e-05	9.3058574560753660e-01	2.5452158434909880e-04	5.7909860807055354e-02	1.8118616748938184e-05	1.0527140537695967e-02	2.8787743923874991e-06	6.4590974687773008e-04	2.0203480135997311e-07	5.1801445247523828e-05	1.4273598825581104e-08	3.2129677091634457e-06	1.0241281588182213e-09	5.5798350450800301e-07	1.3190785972153315e-10	3.4454924513461892e-08	9.5254585529146247e-12
7.8999999999999996e-05	9.3063763590000947e-01	5.9190605301887879e-04	5.8604080840290645e-02	4.0737586753041472e-05	9.2796065796945850e-03	5.9005172684446153e-06	5.7500058504908436e-04	3.9958371363726582e-07	2.4657567217255158e-04	1.5579348478649831e-07	1.5505857491473431e-05	1.0741800315215887e-08	2.3375977253977425e-06	1.4429093679899718e-09	1.4515027855371590e-07	9.8342555378937476e-11
8.0999999999999990e-05	9.3054885206791615e-01	1.0587922421726988e-03	5.9136232626371292e-02	7.1831218908037473e-05	8.0485788079997060e-03	9.1544557725228695e-06	5.0212121590425662e-04	6.0970950433523788e-07	5.8110623145218659e-04	6.5861767716429696e-07	3.6898362394898857e-05	4.4699171693923696e-08	4.8132462100570295e-06	5.4088904721744520e-09	3.0072830626183987e-07	3.6134999013919439e-10
8.2999999999999998e-05	9.3032687582461848e-01	1.6419029447847613e-03	5.9503401356288933e-02	1.1047223333417113e-04	6.8521327955069654e-03	1.2087296705929186e-05	4.2905226861559187e-04	7.9625837214455166e-07	1.0465298441167217e-03	1.8424790591827519e-06	6.6897091154418344e-05	1.2396751209566095e-07	7.4073469901699146e-06	1.2981314341458075e-08	4.6445464383369802e-07	8.5698354694636947e-10
8.4999999999999993e-05	9.2998579925379987e-01	2.3246065930194399e-03	5.9704148946695762e-02	1.5537389835921944e-04	5.7076968082204870e-03	1.4258337407871577e-05	3.5755019125849021e-04	9.3006906893092142e-07	1.6304137776023567e-03	4.0686069057219552e-06	1.0462602197024689e-04	2.7190977947518500e-07	9.6262002921370754e-06	2.3946375102100520e-08	6.0387431130216433e-07	1.5649357825347287e-09
8.7000000000000001e-05	9.2954575163715703e-01	3.0873965452327106e-03	5.9738488295653931e-02	2.0494644894164415e-04	4.6317753909549796e-03	1.5372242423692270e-05	2.8929126031983563e-04	9.9195365119354289e-07	2.3170959937453693e-03	7.6866123919416990e-06	1.4886134104539857e-04	5.1017521728691991e-07	1.1098717655689303e-05	3.6724845181302730e-08	6.9428653532949183e-07	2.3742318581919751e-09
8.8999999999999995e-05	9.2903214372317289e-01	3.9084582865773869e-03	5.9607819991320338e-02	2.5736931543188810e-04	3.6397047877467152e-03	1.5297732896179749e-05	2.2581961844202571e-04	9.7440831475397666e-07	3.0881186337755285e-03	1.2979549027869695e-05	1.9808350236984824e-04	8.5456451243021529e-07	1.1602939410112625e-05	4.8654007610548349e-08	7.2118760641962320e-07	3.1053901673797556e-09
9.0999999999999989e-05	9.2847475463942553e-01	4.7643058751735577e-03	5.9314835769433034e-02	3.1067523789256139e-04	2.7454449757106200e-03	1.4070957317426883e-05	1.6850130717827860e-04	8.8189064401344498e-07	3.9227403871114688e-03	2.0113624976171366e-05	2.5054379736615866e-04	1.3113921802069694e-06	1.1078482110835696e-05	5.6669794766833086e-08	6.8143344651280575e-07	3.5602401315956319e-09
9.2999999999999997e-05	9.2790669163036288e-01	5.6304666707436366e-03	5.8863394632593387e-02	3.6284165454561772e-04	1.9614108236379840e-03	1.1883633027863646e-05	1.1848586171526024e-04	7.2967255907540739e-07	4.7985108232339929e-03	2.9098664660492885e-05	3.0434192118689496e-04	1.8749214013052409e-06	9.6242672240129029e-06	5.8210786183837168e-08	5.8302734755292793e-07	3.5849752026949088e-09
9.4999999999999992e-05	9.2736325656506002e-01	6.4821920802676895e-03	5.8258378770356840e-02	4.1188436965122603e-04	1.2983426132082080e-03	9.0573345360126068e-06	7.6676578211239002e-05	5.4144638874724055e-07	5.6918881966829061e-03	3.9764342130561695e-05	3.5751045165572314e-04	2.5263071327504253e-06	7.4821071619755981e-06	5.2110385659266590e-08	4.4359920269258252e-07	3.1279694175804320e-09
9.7000000000000000e-05	9.2688075558335692e-01	7.2951717636767534e-03	5.7505537184275708e-02	4.5594844604181320e-04	7.6521405636201050e-04	6.0064499464713098e-06	4.3710091400252580e-05	3.4600435707009857e-07	6.5788815840955367e-03	5.1755544251516665e-05	4.0810184700996137e-04	3.2342753532514489e-06	5.0078629021646084e-06	3.9240973506354478e-08	2.8779116171561710e-07	2.2748378637957473e-09
9.8999999999999994e-05	9.2649528929761382e-01	8.0462294041206833e-03	5.6611325191380464e-02	4.9339152428866525e-04	3.6917416275408728e-04	3.1932390922307196e-06	1.9945447553268639e-05	1.7341258487659915e-07	7.4356984203944642e-03	6.4548143615146880e-05	4.5427352778653701e-04	3.9575201746190459e-06	2.6328511461771301e-06	2.2724644856764220e-08	1.4388393239141073e-07	1.2489206656275346e-09
1.0100000000000000e-04	9.2624156068547459e-01	8.7139796383031778e-03	5.5582747754198115e-02	5.2285531362895605e-04	1.1551798060963525e-04	1.0790379421413439e-06	5.4624564440626243e-06	5.1148435510021122e-08	8.2393794426060610e-03	7.7484196383393331e-05	4.9436682380155441e-04	4.6485530101064943e-06	8.1890113834527647e-07	7.6186143818636082e-09	4.0075086481132284e-08	3.7432584874967216e-10
1.0300000000000000e-04	9.2615173630931436e-01	9.2794278900113700e-03	5.4427213900100184e-02	5.4332177920507897e-04	7.6804373564950744e-06	7.5922409416910078e-08	6.8777142333699462e-08	6.6052115724567055e-10	8.9684045497886861e-03	8.9823382901151484e-05	5.2697600933887588e-04	5.2585264136366085e-06	1.0898757903454559e-08	9.9788677898129358e-11	8.4840625405434462e-10	8.5458462841589552e-12
1.0499999999999999e-04	9.2625439394396636e-01	9.7264974538313672e-03	5.3152408411256902e-02	5.5415150211207253e-04	4.7247283200239792e-05	5.0305861176576691e-07	3.3149471669881622e-06	3.4746891211060634e-08	9.6032549473018258e-03	1.0080563025100492e-04	5.5100427607348180e-04	5.7424116637807043e-06	5.9078982792477963e-07	6.2876937432139291e-09	4.3850253314242153e-08	4.5989908152233123e-10
1.0700000000000000e-04	9.2657358627881670e-01	1.0042471031438818e-02	5.1766185574489969e-02	5.5510274262377066e-04	2.3397748589775970e-04	2.5515415485676294e-06	1.4516403094893513e-05	1.5603823758444243e-07	1.0126918966158796e-02	1.0971851531585761e-04	5.6570425458595680e-04	6.0638553168681323e-06	2.8368500023338411e-06	3.0933293777275768e-08	1.7761967333719445e-07	1.9095057581717833e-09
1.0899999999999999e-04	9.2712804628437184e-01	1.0218336843368108e-02	5.0276488177806361e-02	5.4633082197178993e-04	5.6583228961376987e-04	6.2608003980345549e-06	3.2781454117748834e-05	3.5673376773946082e-07	1.0525330963093561e-02	1.1596240512396347e-04	5.7070154041216463e-04	6.1990835868380189e-06	6.8915886332071461e-06	7.6243813672532382e-08	4.0041289539356485e-07	4.3570263703356959e-09
1.1100000000000000e-04	9.2793055528681068e-01	1.0249032275424473e-02	4.8691293233521074e-02	5.2836848881005133e-04	1.0390074478854258e-03	1.1508686691508463e-05	5.7044142218437383e-05	6.1958516597454025e-07	1.0787734590467942e-02	1.1910643036300755e-04	5.6600056062542422e-04	6.1393572710670144e-06	1.2740977322243137e-05	1.4110028902848702e-07	7.0023305517312828e-07	7.6040798764791065e-09
1.1300000000000000e-04	9.2898748994135638e-01	1.0133580671277741e-02	4.7018584201700860e-02	5.0208889717549929e-04	1.6479667521618014e-03	1.8016236824475823e-05	8.6100933477902580e-05	9.1997711099835799e-07	1.0906963412665702e-02	1.1892930045036166e-04	5.5197298834500704e-04	5.8916830013237719e-06	2.0206830110693450e-05	2.2085649950333550e-07	1.0560373920841657e-06	1.1280450961834857e-08
1.1499999999999999e-04	9.3029855926766092e-01	9.8751193065356405e-03	4.5266347879950077e-02	4.6865364938309642e-04	2.3854767622570336e-03	2.5366897341456821e-05	1.1865021357609229e-04	1.2288281840679957e-06	1.0879633335302780e-02	1.1544055709163220e-04	5.2932973811858301e-04	5.4777275510112229e-06	2.8953168832443010e-05	3.0779787434427517e-07	1.4399622411279959e-06	1.4908101220206490e-08
1.1700000000000000e-04	9.3185673780434597e-01	9.4808187820457461e-03	4.3442592702079348e-02	4.2944901838542300e-04	3.2426444492355579e-03	3.3038808722514647e-05	1.5333358814734318e-04	1.5159475570173284e-06	1.0706242660382287e-02	1.0887995136794124e-04	4.9907832402342747e-04	4.9311243110944568e-06	3.8506346629409990e-05	3.9220855613965127e-07	1.8202950846402488e-06	1.7989127275163431e-08
1.1899999999999999e-04	9.3364839582295844e-01	8.9616961044695492e-03	4.1555384019377022e-02	3.8601393993924356e-04	4.2089611272442592e-03	4.0447648396387926e-05	1.8877800152167462e-04	1.7534398504202013e-06	1.0391176881868948e-02	9.9694981848293422e-05	4.6246800917855663e-04	4.2935690966790947e-06	4.8287641065163140e-05	4.6387042709373669e-07	2.1648444300824384e-06	2.0098329550009477e-08
1.2100000000000000e-04	9.3565362246229900e-01	8.3323256553798023e-03	3.9612891077106707e-02	3.3996364584836078e-04	5.2723574278278947e-03	4.6996617931422098e-05	2.2363767850464578e-04	1.9187567636329561e-06	9.9426167113548600e-03	8.8498981707723501e-05	4.2092569892390378e-04	3.6102467108970303e-06	5.7656033732123491e-05	5.1372526786621858e-07	2.4443203875264551e-06	2.0960255085030050e-08
1.2299999999999998e-04	9.3784673264542084e-01	7.6104541680425963e-03	3.7623439880120645e-02	2.9291289424357761e-04	6.4192750242209736e-03	5.2129493963273905e-05	2.5663486382923134e-04	1.9970475101751993e-06	9.3723493898812335e-03	7.6014225352788846e-05	3.7598591212184069e-04	2.9251914540081909e-06	6.5958033971135429e-05	5.3539013406610371e-07	2.6353451818304382e-06	2.0494552750856573e-08
1.2500000000000000e-04	9.4019694377417395e-01	6.8165278024734863e-03	3.5595565981011532e-02	2.4640264654326592e-04	7.6347612362641553e-03	5.5382303827974301e-05	2.8659829083990299e-04	1.9825533509055403e-06	8.6954851914344961e-03	6.3006105250062612e-05	3.2921839062235742e-04	2.2771585890999300e-06	7.2580745979961085e-05	5.2623619234050665e-07	2.7227623087123349e-06	1.8821138778729826e-08
1.2700000000000000e-04	9.4266920353002148e-01	5.9731414728595575e-03	3.3538061419342256e-02	2.0183375408579912e-04	8.9025924664478430e-03	5.6429172552186140e-05	3.1249826922847526e-04	1.8789127262971022e-06	7.9300832026987164e-03	5.0215332075309843e-05	2.8215696405963457e-04	1.6964778282017148e-06	7.7003980244695887e-05	4.8782003991361235e-07	2.7009997468977501e-06	1.6226043207682972e-08
1.2899999999999999e-04	9.4522514574123961e-01	5.1044227328166328e-03	3.1460010570579518e-02	1.6041076609359410e-04	1.0205431604428309e-02	5.5118232456399043e-05	3.3347725985297404e-04	1.6983776769276908e-06	7.0966929602812173e-03	3.8295239371871173e-05	2.3623316877032844e-04	1.2031940726316012e-06	7.8847119049864028e-05	4.2557928668073230e-07	2.5743564594623258e-06	1.3097563901549980e-08
1.3099999999999999e-04	9.4782414732959686e-01	4.2353647103502388e-03	2.9370810490901830e-02	1.2309837536254596e-04	1.1525023109721763e-02	5.1494178833976509e-05	3.4887482296177522e-04	1.4600730756395296e-06	6.2178212653450282e-03	2.7760620190644238e-05	1.9271782542794270e-04	8.0660286986038215e-07	7.7906690979532688e-05	3.4784696431965836e-07	2.3562090138860146e-06	9.8484051797220726e-09
1.3300000000000001e-04	9.5042445597163261e-01	3.3911247057141496e-03	2.7280172416293491e-02	9.0592305109264259e-05	1.2842427509463621e-02	4.5805055859955156e-05	3.5824590307448079e-04	1.1875418862294462e-06	5.3173363416424571e-03	1.8953168943751647e-05	1.5267331837289484e-04	5.0608955616302169e-07	7.4181195970825464e-05	2.6437361084085612e-07	2.0672613766410699e-06	6.8414929075526882e-09
1.3500000000000000e-04	9.5298435546115312e-01	2.5963069828043926e-03	2.5198102325588053e-02	6.3305641822788484e-05	1.4138294648992716e-02	3.8492099239491750e-05	3.6137156328036450e-04	9.0589884497325623e-07	4.4198242749792956e-03	1.2026706068351331e-05	1.1691870920918653e-04	2.9301129683266911e-07	6.7880626971300554e-05	1.8464428294759229e-07	1.7330705942860572e-06	4.3348724800792057e-09
1.3700000000000000e-04	9.5546333399957395e-01	1.8742498351895858e-03	2.3134859831906104e-02	4.1370772553804314e-05	1.5393172370473935e-02	3.0162854221070662e-05	3.5826151049687347e-04	6.3895232879785486e-07	3.5499151613820838e-03	6.9531434530372342e-06	8.6009087446203256e-05	1.5324342804269597e-07	5.9419301756618670e-05	1.1631967104242547e-07	1.3811607865697203e-06	2.4553324902099589e-09
1.3899999999999999e-04	9.5782321991066743e-01	1.2463380223619385e-03	2.1100896043893511e-02	2.4656233512819459e-05	1.6587844565605005e-02	2.1549217948830058e-05	3.4914805888333113e-04	4.0664567987736070e-07	2.7315983847634073e-03	3.5478548198183474e-06	6.0229751273447555e-05	6.9959389029067503e-08	4.9391964062535954e-05	6.4106459284338865e-08	1.0380778757342115e-06	1.2028040202747362e-09
1.4099999999999998e-04	9.6002924968242787e-01	7.3136199533383427e-04	1.9106772354690507e-02	1.2796965979499317e-05	1.7703689968990063e-02	1.3453400871202555e-05	3.3447154887420810e-04	2.2311668024473606e-07	1.9875477497188622e-03	1.5110011281347268e-06	3.9604969449584807e-05	2.6229841668320896e-08	3.8534526954387651e-05	2.9275897971103042e-08	7.2673298501807449e-07	4.8017665371314848e-10
1.4300000000000001e-04	9.6205103483909471e-01	3.4494484140889392e-04	1.7163063293754974e-02	5.2357517795210155e-06	1.8723050847102171e-02	6.6859395736554113e-06	3.1485765257630521e-04	9.5584655003049608e-08	1.3384776602459278e-03	4.7965604489589208e-07	2.3920252943142930e-05	7.1033144042437766e-09	2.7672187447535716e-05	9.9178110254573312e-09	4.6433445945654700e-07	1.3778748100084647e-10
1.4500000000000000e-04	9.6386339693927681e-01	9.9056502810193338e-05	1.5280247544389473e-02	1.2730077796369744e-06	1.9629599094149144e-02	2.0007109325334525e-06	2.9108742338156889e-04	2.4161018836645798e-08	8.0255106883452736e-04	8.4461331042405686e-08	1.2756315089715920e-05	9.5111008383718455e-10	1.7658810323839749e-05	1.8661289311915612e-09	2.6112376394965119e-07	1.9677585096825816e-11
1.4700000000000000e-04	9.6544704391642377e-01	1.6325495930849581e-06	1.3468591931323975e-02	1.2169469549600609e-07	2.0408686333432648e-02	3.2306538870753130e-08	2.6406135471081173e-04	2.5563194444576090e-09	3.9485850049837836e-04	4.1303187770831244e-09	5.5322703487717003e-06	9.2876843452670878e-13	9.3123418978372934e-06	9.2121643962403730e-11	1.2002079266918549e-07	5.2476461962954184e-14
1.4899999999999999e-04	9.6678906589757430e-01	5.6311665231960375e-05	1.1738033578390122e-02	9.6386824703115377e-07	2.1047664549082339e-02	1.2410730253895265e-06	2.3475906493568551e-04	1.9541426676164236e-08	1.2698513364547693e-04	1.1445678333402406e-08	1.5551546757258206e-06	1.2259296591163988e-10	3.3514768709011717e-06	2.6164563088136223e-10	3.7164405785003402e-08	2.5703596843100993e-12
1.5099999999999998e-04	9.6788323437168189e-01	2.6230214782324373e-04	1.0098065506340834e-02	3.0053863318339659e-06	2.1536164578888729e-02	5.8705966572706654e-06	2.0419649081858472e-04	6.0927765881734957e-08	6.6798132609215797e-06	5.4221075834528831e-09	7.2573644159287898e-08	4.3488652511666605e-11	3.3880586545684376e-07	1.1405024361981460e-10	3.2205257222915933e-09	7.4818334448425099e-13
1.5300000000000001e-04	9.6873009490202322e-01	6.1438331089151807e-04	8.5576306862771012e-03	5.5254863243547474e-06	2.1866321450630923e-02	1.3921443626993704e-05	1.7338262512244058e-04	1.1177341300195382e-07	3.7636157877336824e-05	2.5908918405761294e-08	3.2521209994327111e-07	2.4437106853520832e-10	6.3520529985149716e-07	3.5188585864557532e-10	5.2379824051590383e-09	3.2546315266548091e-12
1.5500000000000000e-04	9.6933685023148342e-01	1.1030428982067742e-03	7.1250290065026350e-03	7.9183490145115065e-06	2.2032937934463457e-02	2.5143639699695301e-05	1.4327786006468015e-04	1.5850550913356574e-07	2.1939181733212300e-04	2.4891546358992784e-07	1.5960704630933843e-06	1.8092725857184799e-09	4.3693305595686185e-06	4.8269970076770656e-09	2.8773308909146953e-08	3.1657665704459018e-11
1.5699999999999999e-04	9.6971703734633818e-01	1.7147467465099351e-03	5.8078407901353312e-03	9.7243431597287369e-06	2.2033580639929266e-02	3.9048800814777063e-05	1.1475589344528852e-04	1.9067593525688427e-07	5.4734768196466302e-04	9.6313686343244731e-07	3.2536123348425883e-06	5.4763035144029587e-09	1.1424818762299561e-05	1.9951392562756154e-08	5.9986719452971455e-08	9.9390094670801285e-11
1.5899999999999999e-04	9.6989000858003904e-01	2.4323321868978277e-03	4.6128694731715483e-03	1.0649358066374423e-05	2.1868606285252949e-02	5.4941153220583907e-05	8.8570927196366357e-05	2.0213160527770345e-07	1.0129046752853138e-03	2.5303031452375572e-06	4.7864876073069303e-06	1.1067293548075282e-08	2.1446316342855171e-05	5.3422128493475891e-08	8.7433582292537565e-08	1.9916370549194473e-10
1.6099999999999998e-04	9.6988023291117320e-01	3.2355123081750084e-03	3.5461048850404719e-03	1.0571432798619157e-05	2.1541119156530803e-02	7.1965062999426103e-05	6.5331558584622894e-05	1.9147293850863153e-07	1.6037119021189491e-03	5.3338418104700664e-06	5.8280968667203732e-06	1.7378145125394051e-08	3.3863860433635255e-05	1.1249586968503028e-07	1.0333405187343998e-07	3.0246198804130944e-10
1.6300000000000000e-04	9.6971643903118887e-01	4.1014744247651821e-03	2.6127073398457207e-03	9.5347258827924646e-06	2.1056863997390474e-02	8.9165281541285908e-05	4.5482360949591643e-05	1.6178022706364694e-07	2.3040165577037993e-03	9.7217306713481318e-06	6.1699425386244928e-06	2.2507001599738616e-08	4.7933610728618756e-05	2.0215081386010246e-07	1.0418845709769208e-07	3.7029357256774559e-10
1.6500000000000000e-04	9.6943062636365107e-01	5.0055530667554660e-03	1.8170115221823821e-03	7.7316838148136090e-06	2.0424061386352593e-02	1.0555503671007210e-04	2.9293707682579403e-05	1.1969227750658418e-07	3.0951032657706786e-03	1.5950172077124154e-05	5.7634238509472840e-06	2.4503126700322074e-08	6.2791590854279893e-05	3.2350984120780013e-07	9.0704556205031533e-08	3.7049515147373995e-10
1.6699999999999999e-04	9.6905697389356837e-01	5.9219556562115040e-03	1.1625480095518491e-03	5.4750082256522134e-06	1.9653194870817993e-02	1.2018645659236140e-04	1.6859945626098214e-05	7.4010103098362603e-08	3.9558084828221233e-03	2.4134753511592595e-05	4.7104318443989167e-06	2.2152522047494199e-08	7.7516072620025412e-05	4.7286070272653491e-07	6.7100576168828632e-08	2.9470354391283626e-10
1.6899999999999999e-04	9.6863067934982916e-01	6.8245178084298348e-03	6.5207927993684840e-04	3.1616447223997845e-06	1.8756760592715634e-02	1.3221765812241831e-04	8.1056052434573279e-06	3.4058579961921190e-08	4.8630942980424233e-03	3.4215059534921362e-05	3.2437477222013118e-06	1.5688337514885196e-08	9.1193605685698000e-05	6.4150323798459873e-07	3.9931582483117287e-08	1.6827641289908795e-10
1.7099999999999998e-04	9.6818676296206418e-01	7.6874648948033536e-03	2.8764626367489053e-04	1.2314852464820437e-06	1.7748990789885146e-02	1.4097117308018627e-04	2.7989719869827141e-06	8.0632927485259334e-09	5.7926653310191346e-03	4.5937329962822267e-05	1.6988103234062448e-06	7.2295397161286676e-09	1.0298350079111940e-04	8.1650014790736439e-07	1.6645369363110838e-08	4.8811046233551473e-11
1.7300000000000000e-04	9.6775887071358779e-01	8.4861570640134346e-03	7.0620956200675685e-05	1.2376585245764723e-07	1.6645562390639322e-02	1.4597917854616390e-04	5.7205522224589142e-07	1.7860881006999873e-09	6.7196123892802944e-03	5.8857855391628049e-05	4.7887235905394899e-07	8.0680174980563425e-10	1.1217581581621075e-04	9.8223656452576157e-07	4.1009306790646684e-09	1.2704094368863190e-11
1.7500000000000000e-04	9.6737811179624433e-01	9.1977962307464908e-03	1.7603410161365585e-06	2.3424111520000632e-07	1.5463301007468552e-02	1.4701216631236502e-04	9.4578727998253337e-07	1.7614428080799981e-08	7.6190669629246323e-03	7.2367560472828745e-05	1.5894829004330409e-08	1.9196625217546834e-09	1.1823853060251620e-04	1.1225381151021426e-06	7.2755737767814595e-09	1.3320782038649332e-10
1.7699999999999999e-04	9.6707196392404826e-01	9.8020754614582088e-03	8.1256893962116893e-05	1.8761251699723617e-06	1.4219889109748798e-02	1.4408911313074259e-04	3.3591656917229957e-06	5.4224616511037093e-08	8.4668513513930684e-03	8.5735886018487994e-05	7.2972720298834936e-07	1.6667752057573549e-08	1.2085055700837631e-04	1.2229879292786920e-06	2.8348453647051961e-08	4.5641493571172268e-10
1.7899999999999999e-04	9.6686327837268837e-01	1.0281753551412557e-02	3.0878124933017716e-04	5.2475190528480954e-06	1.2933585189367842e-02	1.3746876928810261e-04	7.2010081942057181e-06	1.0684898134590749e-07	9.2401100828506319e-03	9.8169898716660880e-05	2.9881864532897258e-06	5.0592665452528408e-08	1.1991842152588775e-04	1.2730415095616388e-06	6.6285348709732354e-08	9.8261406672752597e-10
1.8099999999999998e-04	9.6676941417018347e-01	1.0623140231647078e-02	6.8351319040904559e-04	1.0407615221093466e-05	1.1622958528701060e-02	1.2762322959239414e-04	1.1843008395124287e-05	1.6808549563422178e-07	9.9179091631321492e-03	1.0888277761841354e-04	7.0705845479450496e-06	1.0743781199162822e-07	1.1557577406904213e-04	1.2675725965497391e-06	1.1697140808836442e-07	1.6591710274387843e-09
1.8300000000000000e-04	9.6680152784557383e-01	1.0816480220037315e-02	1.2041579537271352e-03	1.7263410690584836e-05	1.0306641946232735e-02	1.1519635848158831e-04	1.6672842509027068e-05	2.2910828716573867e-07	1.0481790479122757e-02	1.1716465765008685e-04	1.3137068250761181e-05	1.8806696940446560e-07	1.0816621196930053e-04	1.2075861762236674e-06	1.7385644915494735e-07	2.3878725898957700e-09
1.8500000000000000e-04	9.6696404160179261e-01	1.0856227119430384e-02	1.8689458680750469e-03	2.5568002790285272e-05	9.0031028295897604e-03	1.0095079782475230e-04	2.1126166324788836e-05	2.8108021543031482e-07	1.0916269332988289e-02	1.2244839766705398e-04	2.1205835459856456e-05	2.8977049928276738e-07	9.8211163345090450e-05	1.0999861920700858e-06	2.2900233580721999e-07	3.0454693876298515e-09
1.8699999999999999e-04	9.6725430874683016e-01	1.0741200891223521e-02	2.6756145368446267e-03	3.4930821613219665e-05	7.7304310406896273e-03	8.5708106556139536e-05	2.4716440850835297e-05	3.1654193309427500e-07	1.1209263611664591e-02	1.2436324783282048e-04	3.1139888443190227e-05	4.0613148446121651e-07	8.6365662230435518e-05	9.5645565717044870e-07	2.7436392193154038e-07	3.5122245685395270e-09
1.8899999999999999e-04	9.6766249070417931e-01	1.0474625263660392e-02	3.6213740571209643e-03	4.4839407619109590e-05	6.5061410261142661e-03	7.0287011307046770e-05	2.7061623574917767e-05	3.3055895930992634e-07	1.1352443574903063e-02	1.2277059009004651e-04	4.2644487230705889e-05	5.2753103257511308e-07	7.3365699117989222e-05	7.9166277756089765e-07	3.0310151755004541e-07	3.7007957858768061e-09
1.9099999999999998e-04	9.6817165492706692e-01	1.0064043982466962e-02	4.7028570859476990e-03	5.4691608481181194e-05	5.3469847734462029e-03	5.5444765573576897e-05	2.7906854333463254e-05	3.2144790582513035e-07	1.1341491803199523e-02	1.1777779572145686e-04	5.5275889645252176e-05	6.4225835574658151e-07	5.9971393366742221e-05	6.2111882811606562e-07	3.1071815307097553e-07	3.5775084135167680e-09
1.9300000000000000e-04	9.6875809755978426e-01	9.5211173229604838e-03	5.9160568424077931e-03	6.3836382657139296e-05	4.2687721552511545e-03	4.1826232945039115e-05	2.7142350846431672e-05	2.9096928470738613e-07	1.1176263649683880e-02	1.0972858391394534e-04	6.8461325670172329e-05	7.3807721085113131e-07	4.6910475994577077e-05	4.5906150261556550e-07	2.9583976198790635e-07	3.1701248936929370e-09
1.9500000000000000e-04	9.6939188873957294e-01	8.8613028216388764e-03	7.2562572994298849e-03	7.1620793869182437e-05	3.2861956787314807e-03	2.9924568241658151e-05	2.4815814994876699e-05	2.4395781523353030e-07	1.0860839766629498e-02	9.9170813656377667e-05	8.1529476569588017e-05	8.0400709686826061e-07	3.4826479997113774e-05	3.1671402492104369e-07	2.6050773365583604e-07	2.5599982700863000e-09
1.9699999999999999e-04	9.7003763206554405e-01	8.1034268149846270e-03	8.7179607968200130e-03	7.7440294834220966e-05	2.4126576439951232e-03	2.0056334838859590e-05	2.1138746990548518e-05	1.8744997208430755e-07	1.0403464091736533e-02	8.6805107133442627e-05	9.3750044017564254e-05	8.3202362305436254e-07	2.4235617493732597e-05	2.0118246237567101e-07	2.0992463926182491e-07	1.8609149400591902e-09
1.9899999999999999e-04	9.7065542308031749e-01	7.2691561360459329e-03	1.0294819025323339e-02	8.0789062018889280e-05	1.6600990979667471e-03	1.2352652380244643e-05	1.6486182893373980e-05	1.2944995653181319e-07	9.8163632010648694e-03	7.3419799542015585e-05	1.0438033947074864e-04	8.1837967682472987e-07	1.5495605628990222e-05	1.1512095627277958e-07	1.5167607722461707e-07	1.1906810250139438e-09
2.0099999999999998e-04	9.7120198478242448e-01	6.3823822176283665e-03	1.1979573726581497e-02	8.1306983955549035e-05	1.0388316111334520e-03	6.7666154565660136e-06	1.1389523319424901e-05	7.7537396599561560e-08	9.1154462120925928e-03	5.9819191104914348e-05	1.1271624341326074e-04	7.6430055240589070e-07	8.7887331568508232e-06	5.7144784135474235e-08	9.4533526799589963e-08	6.4347332941687158e-10
2.0300000000000000e-04	9.7163195144830183e-01	5.4685328332830622e-03	1.3764013474589665e-02	7.8819945881345029e-05	5.5737463494129227e-04	3.0958666671375977e-06	6.5223166456445636e-06	3.7553327198620425e-08	8.3198884079684170e-03	4.6752765753499302e-05	1.1814442568024421e-04	6.7590532249172919e-07	4.1203031782385453e-06	2.2834536450410547e-08	4.7013357957859463e-08	2.7056629380299750e-10
