9.9999999999999995e-07	9.9956764524145103e-01	1.0798391825194837e-04	1.0819223050588516e-04	1.1688074098333581e-08	1.0811355591861420e-04	1.1679575101867859e-08	1.1702106173780372e-08	1.2641858237088152e-12	1.0799494226774430e-04	1.1666761192256500e-08	1.1689267607734641e-08	1.2627988651144006e-12	1.1680767714449169e-08	1.2618806453227731e-12	1.2643149412765750e-12	1.3658473114590241e-16
3.0000000000000001e-06	9.9766035314923684e-01	5.5865134167253137e-04	5.8239472349323567e-04	3.2611783103406701e-07	5.7099382542709148e-04	3.1973452878623190e-07	3.3332347097381786e-07	1.8664785536042168e-10	6.2555350328649423e-04	3.5028512911853983e-07	3.6517336549511782e-07	2.0448210863886044e-10	3.5802183514629631e-07	2.0047801290569590e-10	2.0899885821936171e-10	1.1703078805770601e-13
4.9999999999999996e-06	9.9346012490724023e-01	1.5822073970119615e-03	1.6390817199782466e-03	2.6104286230350369e-06	1.6137290544302192e-03	2.5700618608642746e-06	2.6624435822200711e-06	4.2402515154542602e-09	1.6887774122082595e-03	2.6895800367383180e-06	2.7862656184293787e-06	4.4374433579592238e-09	2.7431498731651337e-06	4.3687941858764203e-09	4.5258407576375604e-09	7.2079134684795874e-12
6.9999999999999999e-06	9.8758362769968111e-01	3.0072120367322522e-03	3.1307762862022078e-03	9.5332022238973075e-06	3.0791532318879878e-03	9.3760830270880832e-06	9.7613252990070257e-06	2.9723197655513759e-08	3.1411229885319218e-03	9.5647654505965061e-06	9.9577932876723744e-06	3.0321388859722542e-08	9.7935800088293131e-06	2.9821592563195843e-08	3.1046952033235447e-08	9.4537677300286687e-11
9.0000000000000002e-06	9.8228237805048257e-01	4.3523449327976301e-03	4.5098583014808362e-03	1.9982319440554096e-05	4.4529760935505657e-03	1.9730463024872654e-05	2.0444489078634036e-05	9.0585611978520988e-08	4.2838621387501965e-03	1.8981216914789028e-05	1.9668099292505694e-05	8.7145909128267277e-08	1.9420555077155261e-05	8.6049859005640443e-08	8.9163662541830123e-08	3.9506856147628724e-10
1.1000000000000000e-05	9.7834305027798418e-01	4.9727420178634430e-03	5.4948967924384525e-03	2.7928499507476747e-05	5.2645189535563946e-03	2.6758597605317774e-05	2.9568108396819870e-05	1.5028356849573839e-07	5.7474711490023700e-03	2.9212858471859257e-05	3.2280834217181271e-05	1.6406853462120125e-07	3.0925794359535316e-05	1.5718750283403799e-07	1.7369418535459902e-07	8.8280692054265675e-10
1.2999999999999999e-05	9.7653494118962592e-01	5.1466481524935466e-03	5.9448354094708269e-03	3.1329171114245526e-05	5.5801347280258718e-03	2.9409064538977555e-05	3.3969621331301106e-05	1.7901920125089151e-07	6.5854909168482651e-03	3.4706390089041035e-05	4.0090281223129308e-05	2.1126753313739209e-07	3.7626233564350750e-05	1.9829505469936300e-07	2.2905282632095379e-07	1.2070608577299309e-09
1.4999999999999999e-05	9.7330483856510230e-01	5.8475299326924881e-03	6.8725468705000594e-03	4.1286014942316912e-05	6.4169094500227666e-03	3.8552206675179215e-05	4.5309230484887370e-05	2.7218971481388058e-07	7.2885175703714510e-03	4.3787165072443676e-05	5.1464440105451750e-05	3.0915519382026430e-07	4.8047261337297203e-05	2.8865297430832155e-07	3.3925684177658046e-07	2.0379695684786905e-09
1.7000000000000000e-05	9.6821471170095585e-01	6.1846194206459761e-03	8.2684530427236374e-03	5.2804549317682797e-05	7.2972062282572062e-03	4.6611961613878367e-05	6.2314446033743224e-05	3.9795622520096684e-07	9.6544178745703226e-03	6.1662436013060651e-05	8.2447182599440619e-05	5.2647303592267995e-07	7.2737059653709373e-05	4.6456859833497584e-07	6.2113346402947635e-07	3.9662930342974258e-09
1.8999999999999998e-05	9.6482072249066575e-01	6.4896118764887377e-03	9.2712473242190646e-03	6.2340617293357790e-05	7.9648908348837894e-03	5.3573636621578577e-05	7.6531708169742631e-05	5.1460451297436696e-07	1.0988216485947128e-02	7.3898303779069665e-05	1.0558811425409728e-04	7.0987690771925597e-07	9.0667330060102640e-05	6.0975784633598604e-07	8.7118134161517291e-07	5.8570096829553121e-09
2.0999999999999999e-05	9.6235740961377680e-01	6.4326721319310446e-03	1.0002054095622437e-02	6.6826287814152055e-05	8.2930616910333495e-03	5.5433054900152630e-05	8.6183681680186363e-05	5.7581391771107488e-07	1.2384957432465541e-02	8.2766846760467313e-05	1.2871878438677520e-04	8.5981854553344403e-07	1.0665225972477209e-04	7.1273982862936298e-07	1.1083440864131370e-06	7.4035266631156006e-09
2.3000000000000000e-05	9.5763846586154289e-01	6.7798414636086419e-03	1.1641311392653423e-02	8.2358709963774050e-05	9.3050259734538572e-03	6.5876993406191960e-05	1.1309741145847152e-04	8.0012655323468058e-07	1.3965214316097147e-02	9.8842577169649422e-05	1.6976272046030443e-04	1.2006825814090595e-06	1.3558258859819498e-04	9.5961907884448576e-07	1.6479082317181391e-06	1.1655142054440384e-08
2.4999999999999998e-05	9.5614987141083152e-01	6.2915249447283873e-03	1.2070760528794779e-02	7.9352633808537102e-05	9.2099082594675301e-03	6.0601455976946635e-05	1.1624590314173742e-04	7.6419181392974675e-07	1.5568086741193605e-02	1.0239837959442293e-04	1.9653284222099994e-04	1.2914850150819426e-06	1.4977330546281186e-04	9.8512308045898468e-07	1.8903726241330623e-06	1.2422245482161080e-08
2.6999999999999999e-05	9.5585551002861013e-01	5.8924926068157756e-03	1.2107312642475131e-02	7.4559765166689045e-05	8.9690039438539235e-03	5.5290265242833693e-05	1.1357987580811214e-04	6.9944897660218560e-07	1.6463142946589855e-02	1.0144058119772313e-04	2.0852448489324673e-04	1.2835286739353635e-06	1.5424422616073114e-04	9.5039931415300241e-07	1.9532335458072946e-06	1.2022675605958419e-08
2.9000000000000000e-05	9.5541906484561068e-01	6.2540846473732722e-03	1.2385414628197899e-02	8.0990200916784182e-05	9.3484605773406122e-03	6.1193811311363179e-05	1.2116075365963363e-04	7.9228546746611898e-07	1.5860096786326331e-02	1.0377528736093854e-04	2.0559555646773594e-04	1.3438583385929894e-06	1.5499079048086068e-04	1.0141262524131544e-06	2.0087151476448525e-06	1.3129748036812207e-08
3.1000000000000001e-05	9.5374611649169438e-01	6.5027203034214061e-03	1.3529651801469459e-02	9.2125493859136938e-05	1.0095001073457599e-02	6.8828049527240869e-05	1.4316760913482291e-04	9.7484411496298509e-07	1.5332385718782206e-02	1.0449668017957225e-04	2.1749996977725225e-04	1.4804110771785479e-06	1.6213158720318162e-04	1.1049881554386148e-06	2.2993278828892235e-06	1.5650263652505130e-08
3.2999999999999996e-05	9.5312482018900879e-01	6.2607572540625623e-03	1.4190576456908008e-02	9.3064845899867366e-05	1.0256687631975393e-02	6.7372161626968514e-05	1.5265692574290387e-04	1.0011494228625768e-06	1.5353543300103592e-02	1.0080880964532488e-04	2.2858950687274540e-04	1.4984904139688973e-06	1.6506660847718797e-04	1.0837917866733336e-06	2.4567730804962970e-06	1.6104972466415763e-08
3.4999999999999997e-05	9.5306533772115665e-01	6.6591173641328367e-03	1.3807818708933059e-02	9.6344379625401669e-05	1.0352019497893857e-02	7.2329528471176357e-05	1.4993748232434135e-04	1.0461850697715917e-06	1.5296471721766321e-02	1.0683737930806805e-04	2.2161042396781820e-04	1.5457131173822030e-06	1.6600334075374750e-04	1.1594332345405446e-06	2.4043502153970989e-06	1.6770029844710694e-08
3.6999999999999998e-05	9.5455171082327706e-01	5.8618106792054404e-03	1.3103613119258801e-02	8.0366494633915366e-05	9.3590725017401143e-03	5.7472814001896928e-05	1.2844028676238428e-04	7.8773985522206487e-07	1.6366803572442024e-02	1.0045355066720568e-04	2.2467053200405127e-04	1.3772048813153744e-06	1.6022499083533049e-04	9.8339883464198383e-07	2.1988131790935693e-06	1.3478422121772398e-08
3.8999999999999999e-05	9.5401234276815150e-01	6.1036407115609200e-03	1.3358548043245762e-02	8.5352729565102062e-05	9.6976389354304308e-03	6.2043739681989205e-05	1.3575260367827617e-04	8.6736851747088667e-07	1.6048768059117560e-02	1.0262858945636278e-04	2.2471893596916323e-04	1.4351222649831894e-06	1.6292529038792930e-04	1.0418681003825576e-06	2.2806699029335683e-06	1.4564969747198299e-08
4.1000000000000000e-05	9.5586328997134307e-01	5.3214304275109141e-03	1.2978227250302671e-02	7.2165191676504609e-05	8.8054048333626976e-03	4.9020750319393763e-05	1.1951833803639539e-04	6.6457663168070913e-07	1.6323625241885083e-02	9.0818177115325604e-05	2.2162853984562193e-04	1.2315752964365857e-06	1.5009157685224252e-04	8.3504796121097321e-07	2.0371814028264422e-06	1.1320458868011806e-08
4.2999999999999995e-05	9.5626618990718493e-01	5.1098848683380606e-03	1.3207513414502839e-02	7.0485426679666764e-05	8.7513694683492883e-03	4.6763449256292865e-05	1.2082839156021611e-04	6.4483044068772378e-07	1.5970592842676743e-02	8.5283408687337475e-05	2.2057424512218255e-04	1.1763688592925657e-06	1.4588936560709482e-04	7.7905178729591668e-07	2.0142187155165744e-06	1.0742233563688028e-08
4.4999999999999996e-05	9.5443996906199924e-01	5.8577964056066266e-03	1.2698009099101747e-02	7.7844470878281471e-05	9.1422416088679462e-03	5.6109425723412727e-05	1.2159885021324334e-04	7.4545133010544602e-07	1.7105075730560148e-02	1.0492075544387833e-04	2.2756129413297122e-04	1.3942501691748864e-06	1.6354196292369758e-04	1.0031453561107186e-06	2.1751607039259487e-06	1.3326991835252093e-08
4.6999999999999997e-05	9.4896362275398760e-01	6.9378562320600431e-03	1.4300199165377489e-02	1.0436678965042037e-04	1.1281064196807470e-02	8.2474543277761425e-05	1.6995459416277691e-04	1.2403607741546521e-06	1.7551431071152937e-02	1.2826264450278843e-04	2.6448294684534184e-04	1.9294305557600749e-06	2.0842919440915169e-04	1.5231433796976900e-06	3.1400264855331787e-06	2.2906573693000857e-08
4.8999999999999998e-05	9.4662201680583447e-01	7.3960105515717394e-03	1.4750060492160566e-02	1.1503244387996515e-04	1.2046731769083281e-02	9.4120229929931391e-05	1.8766901761140350e-04	1.4635676814884414e-06	1.8124877477949910e-02	1.4155146091963730e-04	2.8241333739338528e-04	2.2015542982173485e-06	2.3043396285166382e-04	1.7996125899811430e-06	3.5897328490363413e-06	2.7983398595893417e-08
5.1000000000000000e-05	9.3922226647161411e-01	8.6800005248338953e-03	1.6118256592725030e-02	1.4866354204393458e-04	1.4312451270418152e-02	1.3226777626354879e-04	2.4560268559978803e-04	2.2652132661689111e-06	2.0282604646018138e-02	1.8736216113352975e-04	3.4807026029667448e-04	3.2089226692809598e-06	3.0878017195675768e-04	2.8523098578237030e-06	5.2986036395730971e-06	4.8847667029514603e-08
5.3000000000000001e-05	9.3185931162405522e-01	1.0041560485159202e-02	1.7164054513577477e-02	1.8462563584442399e-04	1.6438703710046233e-02	1.7713472711580253e-04	3.0283067859609937e-04	3.2572982604147956e-06	2.2747377392296163e-02	2.4500041414544926e-04	4.1898264422679174e-04	4.5045531230906752e-06	4.0087470735258358e-04	4.3174757134193364e-06	7.3847483701852941e-06	7.9392121224134317e-08
5.4999999999999995e-05	9.2532194047060834e-01	1.0867456858301303e-02	1.8548820258213958e-02	2.1740923175409999e-04	1.8301209007905508e-02	2.1492946428169121e-04	3.6696168407126026e-04	4.3009413251850018e-06	2.4854423555423003e-02	2.9173712604489211e-04	4.9822343191223818e-04	5.8362965433216423e-06	4.9102736866207147e-04	5.7633541345534890e-06	9.8456219688885455e-06	1.1532885254566095e-07
5.6999999999999996e-05	9.1102253370750008e-01	1.1074149775777390e-02	2.3320617148863791e-02	2.8219415781328223e-04	2.1951070126831132e-02	2.6681053620271106e-04	5.6197269986365574e-04	6.7997496935197378e-06	2.9645647422338803e-02	3.6004966794642824e-04	7.5887031318916148e-04	9.1747135020096948e-06	7.1297801752402614e-04	8.6585348015542337e-06	1.8252767830847952e-05	2.2066032461926873e-07
5.8999999999999998e-05	9.0574436869936181e-01	1.0583190012431895e-02	2.5587203211441249e-02	2.9709847372371095e-04	2.2990940167394669e-02	2.6861210887994179e-04	6.4941011529491219e-04	7.5398371478514947e-06	3.1756882675719432e-02	3.7067243870811785e-04	8.9711431724544450e-04	1.0405488585981035e-05	8.0419808614091081e-04	9.3858672346697504e-06	2.2715052703507545e-05	2.6344798951260608e-07
6.0999999999999999e-05	8.9645054534034485e-01	9.7639868968050023e-03	2.9369313521077318e-02	3.1686711184641410e-04	2.4627721295257029e-02	2.6820536861783839e-04	8.0639679384001144e-04	8.6994069178198429e-06	3.5790559831492236e-02	3.8928628655563222e-04	1.1725313615675427e-03	1.2632835945765709e-05	9.8015634383360637e-04	1.0659572948696639e-05	3.2092303483516289e-05	3.4572947022657464e-07
6.3000000000000000e-05	8.7981402181405721e-01	9.2721393933406053e-03	3.5288915113248082e-02	3.6674007797408552e-04	2.7844704948780715e-02	2.9339051205577808e-04	1.1156142023110883e-03	1.1592487102329428e-05	4.2422064630606236e-02	4.4626446006227005e-04	1.7014749323428788e-03	1.7650068809222242e-05	1.3372333614392151e-03	1.4064483254214975e-05	5.3573843000702464e-05	5.5567161932224955e-07
6.4999999999999994e-05	8.6522387159797831e-01	8.7660142595138730e-03	4.0591952853833567e-02	4.0385528641521788e-04	3.0339189886322605e-02	3.0730057189749539e-04	1.4210107539632563e-03	1.4135506091547399e-05	4.8367110223200997e-02	4.8896597787871881e-04	2.2690623783913513e-03	2.2525414660372416e-05	1.6880987268119939e-03	1.7061366387615557e-05	7.9060473963032875e-05	7.8472269362379946e-07
6.7000000000000002e-05	8.5249174373464875e-01	8.6900302320066063e-03	4.5137252006236174e-02	4.5053599276945519e-04	3.2783530370526899e-02	3.3407765213410595e-04	1.7322569313840306e-03	1.7287072472752052e-05	5.2849028478359331e-02	5.3745931057540297e-04	2.7981306398145410e-03	2.7862732038339003e-05	2.0223309478711558e-03	2.0559986194258067e-05	1.0685014322965250e-04	1.0637697426340647e-06
6.8999999999999997e-05	8.3358723749533070e-01	8.9505841131018900e-03	5.2057706178218560e-02	5.4567310525564610e-04	3.6750976294715736e-02	3.9445208473730278e-04	2.2892555669599842e-03	2.3990345303270795e-05	5.8345504418426390e-02	6.2497996413025112e-04	3.6436085027100346e-03	3.8099737547680606e-05	2.5594424281718360e-03	2.7404977409801631e-05	1.5941821630175449e-04	1.6665716835235819e-06
7.0999999999999991e-05	8.1443244609016485e-01	9.8705055781460431e-03	5.9315607183811021e-02	7.0117155234636960e-04	4.1523952676656858e-02	5.0301507214063677e-04	3.0154670917842577e-03	3.5635827178136615e-05	6.1884202302311488e-02	7.4840380156188330e-04	4.5070408224348020e-03	5.3162874859044817e-05	3.1406738231939289e-03	3.7964323883255825e-05	2.2806164081268297e-04	2.6893387192579069e-06
7.2999999999999999e-05	7.9683469601977508e-01	1.0914016793359051e-02	6.6467615950449560e-02	8.8804691042582346e-04	4.6149331122004075e-02	6.3177178170566953e-04	3.8371434487433826e-03	5.1250362303665963e-05	6.3903572311259413e-02	8.7373633439334717e-04	5.3305628433318259e-03	7.1094338730992481e-05	3.6862184467756506e-03	5.0374612772531714e-05	3.0648244390514768e-04	4.0862800696890721e-06
7.4999999999999993e-05	7.7877298107112281e-01	1.1065720372364942e-02	7.4499081569860445e-02	1.0312346801245687e-03	4.9389010311130410e-02	7.0137244043949674e-04	4.7057902804126302e-03	6.5115866398581760e-05	6.7523857453514344e-02	9.5810053650818156e-04	6.4596639977478410e-03	8.9290983230705276e-05	4.2661955422879797e-03	6.0497773832634947e-05	4.0647056577913028e-04	5.6165552510937277e-06
7.7000000000000001e-05	7.6670370949629751e-01	1.2322712632487349e-02	8.0376749000514086e-02	1.2604735453667941e-03	5.3495714118684361e-02	8.5929653226396137e-04	5.5849824223480147e-03	8.7552016658940901e-05	6.6057252195426602e-02	1.0606968808544817e-03	6.9254045814979891e-03	1.0850602550217627e-04	4.5958734714824411e-03	7.3752720009959296e-05	4.7980964317437513e-04	7.5147174357045095e-06
7.8999999999999996e-05	7.5008700792037963e-01	1.3741358583705687e-02	8.9374498754784565e-02	1.6000784205367350e-03	5.8743526603578025e-02	1.0755103827238019e-03	6.9674794122732264e-03	1.2469101797262311e-04	6.3715759893872750e-02	1.1669286984134488e-03	7.5924932067751817e-03	1.3589853939335631e-04	4.9820707097005552e-03	9.1187629440972468e-05	5.9093729931339160e-04	1.0572927140561195e-05
8.0999999999999990e-05	7.3495281493142250e-01	1.6010028536653443e-02	9.8058318076032963e-02	2.0933674744177885e-03	6.5120934651475698e-02	1.4177330995389897e-03	8.6480093813668425e-03	1.8454586500089498e-04	5.8314190659082540e-02	1.2708240602749244e-03	7.7812873422784673e-03	1.6619619677512551e-04	5.1681472517949023e-03	1.1255833476862192e-04	6.8639010188230689e-04	1.4654037239590952e-05
8.2999999999999998e-05	7.1918190627404033e-01	1.8261887377766947e-02	1.0776495404734997e-01	2.6882663017515109e-03	7.1584230796005871e-02	1.8166421328703361e-03	1.0673927921846779e-02	2.6615934356605811e-04	5.2262004342977772e-02	1.3285498971274429e-03	7.8324357219603669e-03	1.9561955731900950e-04	5.2139619018701649e-03	1.3246262960074309e-04	7.7757975403931344e-04	1.9411999913517919e-05
8.4999999999999993e-05	7.0453367020574520e-01	2.1474638695111837e-02	1.1596293613807486e-01	3.4833815691978232e-03	7.9133679070214333e-02	2.4107129965191191e-03	1.2964104075697112e-02	3.8926555946986786e-04	4.4664291796864555e-02	1.3637510126049311e-03	7.3530812138606072e-03	2.2127831268593405e-04	5.0405773898050234e-03	1.5381608429079237e-04	8.2597077878826585e-04	2.4845101075183417e-05
8.7000000000000001e-05	6.9580877858273882e-01	2.2766918567702431e-02	1.2178411704251718e-01	3.9313663241280720e-03	8.2866846898724034e-02	2.7099279468462841e-03	1.4433601556180660e-02	4.6574381675846215e-04	4.0646659824580642e-02	1.3327982927513410e-03	7.1159168487801719e-03	2.3022250621483633e-04	4.8712999129655018e-03	1.5963653574156922e-04	8.4871905835722178e-04	2.7446285018235478e-05
8.8999999999999995e-05	6.8202745134009768e-01	2.6288670164645700e-02	1.2742570429211911e-01	4.8603422559004503e-03	9.0273452891511799e-02	3.4778245202920733e-03	1.6793464247382213e-02	6.4027886294320245e-04	3.4509591752312205e-02	1.3334908557324657e-03	6.4492684270944407e-03	2.4662652109993610e-04	4.6060359688229842e-03	1.7788614672534998e-04	8.5714857796133749e-04	3.2763175365011444e-05
9.0999999999999989e-05	6.6613750512598124e-01	2.9981744539908480e-02	1.3303317681894569e-01	5.9418177696432392e-03	9.7969786987336799e-02	4.4074097945936714e-03	1.9491770258126994e-02	8.7021910768201292e-04	2.9282320453450351e-02	1.3215650989086660e-03	5.8495148757138878e-03	2.6199993337932187e-04	4.3503165187802010e-03	1.9623891497519828e-04	8.6585031426073466e-04	3.8763488319300301e-05
9.2999999999999997e-05	6.5237685271542578e-01	3.2428634968179409e-02	1.3859963796079069e-01	6.8487003263943101e-03	1.0373069464031986e-01	5.1540092612977813e-03	2.1959342964362770e-02	1.0846298000320883e-03	2.5596071221154149e-02	1.2760357980210017e-03	5.4394349554355700e-03	2.6958003997768751e-04	4.1163301940172056e-03	2.0511172808752214e-04	8.7174945348874970e-04	4.3183973020926374e-05
9.4999999999999992e-05	6.3579804765961467e-01	3.4744448388886531e-02	1.4546693871059205e-01	7.9150738265713356e-03	1.0984372049725991e-01	6.0000884233471037e-03	2.5043654199116878e-02	1.3620778031038648e-03	2.2214851730051249e-02	1.2175419182903012e-03	5.0838764233202211e-03	2.7744919297938050e-04	3.8849815121272417e-03	2.1282883718365357e-04	8.8608597092300139e-04	4.8334906637251414e-05
9.7000000000000000e-05	6.0967623578709540e-01	3.9941327942263974e-02	1.4766370491683620e-01	9.6668570515064285e-03	1.1922275576534785e-01	7.8077190831461135e-03	2.8809486926398224e-02	1.8852060641714585e-03	2.2288732158450959e-02	1.4632972135646162e-03	5.3990915114885008e-03	3.5421814457457378e-04	4.3995325051924194e-03	2.8872753637412807e-04	1.0633741974409893e-03	6.9733196152122490e-05
9.8999999999999994e-05	5.9710590883491177e-01	4.2686285715226160e-02	1.4675431348267345e-01	1.0503047203225013e-02	1.2348398210191001e-01	8.8247587646746884e-03	3.0303914687314006e-02	2.1678733134862607e-03	2.3662018820082339e-02	1.6944448772909049e-03	5.8161285919458633e-03	4.1697403827007772e-04	4.9304869706337691e-03	3.5295214570894905e-04	1.2101877723818179e-03	8.6722680268416034e-05
1.0100000000000000e-04	5.7448266394453973e-01	4.6330076868131953e-02	1.4736628609150679e-01	1.1927762803592409e-02	1.3017016717068977e-01	1.0494694622813178e-02	3.3373527735983011e-02	2.7000437434408437e-03	2.5883454162222316e-02	2.0897492850783413e-03	6.6399204121396988e-03	5.3804473675029283e-04	5.8941697431929433e-03	4.7573438603812151e-04	1.5112962698751945e-03	1.2240802400886877e-04
1.0300000000000000e-04	5.4165271854299057e-01	5.0367958074468713e-02	1.4911797850977984e-01	1.3957149121568018e-02	1.3856621229270666e-01	1.2881974556864824e-02	3.8168437717750463e-02	3.5708775343481461e-03	2.9526479000742241e-02	2.7470189817828759e-03	8.1286922028559958e-03	7.6122081773803262e-04	7.5691603784288127e-03	7.0402525130918358e-04	2.0849394385761650e-03	1.9515757809198021e-04
1.0499999999999999e-04	5.1126696895351409e-01	5.4660718394256284e-02	1.4750435852690841e-01	1.5920312353094171e-02	1.4614110640954020e-01	1.5621111502707521e-02	4.2246824074791259e-02	4.5576494383260443e-03	3.3835387993659607e-02	3.6182185265689944e-03	9.7617968967167700e-03	1.0538506659791098e-03	9.6775825550952897e-03	1.0346660352823491e-03	2.7975723324917571e-03	3.0187534107123420e-04
1.0700000000000000e-04	4.8924433929061345e-01	5.7996279027039438e-02	1.4501424696137796e-01	1.7393448108094619e-02	1.5167398280654742e-01	1.7976798734437086e-02	4.5103821846913167e-02	5.4073587134788994e-03	3.6928557864517340e-02	4.3783685806067655e-03	1.0946072529955558e-02	1.3131543319730120e-03	1.1452088464059422e-02	1.3575571616020112e-03	3.4055690298356207e-03	4.0835654895176747e-04
1.0899999999999999e-04	4.7136158241785581e-01	5.9825612408351651e-02	1.4415414750325833e-01	1.8540023753857819e-02	1.5565126863405612e-01	1.9752499369881566e-02	4.7795910894486919e-02	6.1442413395316545e-03	3.9195254489506781e-02	4.9754913553575310e-03	1.1987429717766779e-02	1.5420051939632317e-03	1.2945207738681382e-02	1.6430230160423031e-03	3.9751999026387038e-03	5.1110226476688077e-04
1.1100000000000000e-04	4.4550250990001611e-01	6.0461113435491154e-02	1.4550460486800640e-01	2.0039320579948793e-02	1.5998969443598779e-01	2.1710177776263190e-02	5.2495924621869153e-02	7.2264401031285775e-03	4.2489919097746506e-02	5.7672219859540913e-03	1.3878544000860638e-02	1.9116700632893437e-03	1.5256759973790985e-02	2.0705386712144436e-03	5.0063155744053209e-03	6.8924491203187059e-04
1.1300000000000000e-04	4.1640251662109401e-01	6.3434331250109791e-02	1.4273919054610010e-01	2.2126410358195275e-02	1.6707498489337927e-01	2.5449738094901968e-02	5.7634281228202917e-02	8.9296994348997023e-03	4.4313081671253675e-02	6.7527129624607180e-03	1.5192089145029652e-02	2.3557466761765524e-03	1.7793643306861111e-02	2.7112246796407134e-03	6.1389064825450824e-03	9.5144264915317592e-04
1.1499999999999999e-04	3.8961206880724053e-01	6.4822497329359421e-02	1.4155151229043619e-01	2.4014192270819704e-02	1.7276693421289088e-01	2.8742589379249929e-02	6.3244433128851238e-02	1.0724130112091470e-02	4.5447388214807594e-02	7.5651049751094199e-03	1.6514691107416244e-02	2.8031394423299757e-03	2.0186389843143124e-02	3.3599189587959575e-03	7.3911138003883671e-03	1.2538961270753318e-03
1.1700000000000000e-04	3.7169038248165370e-01	6.5871857588617494e-02	1.4035378554422459e-01	2.5402476495263306e-02	1.7719533877653931e-01	3.1401468369200200e-02	6.7486808230224390e-02	1.2208316902704136e-02	4.5139132672943283e-02	8.0049800935119188e-03	1.7048810811781983e-02	3.0877507446120020e-03	2.1575549749642531e-02	3.8259495539827680e-03	8.2195075434266032e-03	1.4878844416776772e-03
1.1899999999999999e-04	3.5234825659341334e-01	6.4779826707646954e-02	1.4180184468068888e-01	2.6653242809503982e-02	1.8028987981508882e-01	3.3145341452522542e-02	7.3209526210372730e-02	1.3753800289382461e-02	4.5282139304510236e-02	8.3320849145088697e-03	1.8228738618983137e-02	3.4291937067811454e-03	2.3249021455152924e-02	4.2776506861058466e-03	9.4437978561761355e-03	1.7756548991683821e-03
1.2100000000000000e-04	3.3597493740359918e-01	6.5079068669740336e-02	1.4140292671610807e-01	2.8044767173414840e-02	1.8505219681583737e-01	3.5844029207447725e-02	7.8658849217700388e-02	1.5592938795845170e-02	4.3293677388777575e-02	8.3949551254027654e-03	1.8227094953587347e-02	3.6189095498741796e-03	2.3959583961642224e-02	4.6456932083400980e-03	1.0188529187502593e-02	2.0218426251874203e-03
1.2299999999999998e-04	3.2922927663151391e-01	6.6624197252648426e-02	1.3941961008726320e-01	2.8921711225423030e-02	1.8918625116099477e-01	3.8283679504185784e-02	8.1000133850535699e-02	1.6794620847223656e-02	4.0815538594383763e-02	8.2696228744442192e-03	1.7290225819702857e-02	3.5911489625606949e-03	2.3591395547897624e-02	4.7796123554576415e-03	1.0105235865282192e-02	2.0977394204893664e-03
1.2500000000000000e-04	3.2099256445139890e-01	6.9116813045885406e-02	1.3617844634308118e-01	3.0109093794322684e-02	1.9561753046684957e-01	4.2120065682281591e-02	8.4049643648110475e-02	1.8573957414174589e-02	3.6836563393976042e-02	7.9430675397013737e-03	1.5633256904533554e-02	3.4614879054520428e-03	2.2616812007474136e-02	4.8766315758210542e-03	9.7224883218242127e-03	2.1515775051200044e-03
1.2700000000000000e-04	3.1613542537686556e-01	7.0179959580525336e-02	1.3473708207019308e-01	3.0741468786019414e-02	1.9937201414110733e-01	4.4258506462540828e-02	8.6138123410086406e-02	1.9643074956605441e-02	3.4528698572830335e-02	7.6770764826085466e-03	1.4721580619625091e-02	3.3641076751516619e-03	2.1959847465719117e-02	4.8822897368953231e-03	9.4927006008780988e-03	2.1680440623554234e-03
1.2899999999999999e-04	3.1069196807962590e-01	6.8772437174873205e-02	1.3686688319927148e-01	3.1147509864471321e-02	2.0161984893942225e-01	4.4628137680547998e-02	9.0036384954411033e-02	2.0479652075112063e-02	3.2763367792790911e-02	7.2647968920362717e-03	1.4438710623861171e-02	3.2915916328136352e-03	2.1463960897551905e-02	4.7590554703577839e-03	9.5905261579131307e-03	2.1851685649469229e-03
1.3099999999999999e-04	3.0670616710485771e-01	6.8602631922798682e-02	1.3703572454929713e-01	3.1531769566155395e-02	2.0453517948231145e-01	4.5748390182660317e-02	9.2683410720145562e-02	2.1315509354764981e-02	3.0872966718875912e-02	6.9182946749304069e-03	1.3799531189743308e-02	3.1811371657558297e-03	2.0802639189140288e-02	4.6613593556827501e-03	9.4321291240030813e-03	2.1731596988844239e-03
1.3300000000000001e-04	3.0059468020161129e-01	6.8240152635121912e-02	1.3714141216377512e-01	3.2059222147553787e-02	2.0948932471590828e-01	4.7556119225335806e-02	9.7014205883082641e-02	2.2667202638274726e-02	2.7859710137187344e-02	6.3374355734714680e-03	1.2715668398936633e-02	2.9785242488523621e-03	1.9644193906420287e-02	4.4682696903532333e-03	9.1028029850700760e-03	2.1310754490517312e-03
1.3500000000000000e-04	2.9554906282962345e-01	6.9270062315965678e-02	1.3429742451064772e-01	3.2451437352716314e-02	2.1428706123727467e-01	5.0221953284848353e-02	9.8976300598185366e-02	2.3903955192424522e-02	2.5916745668206738e-02	6.0867349312647388e-03	1.1781015673563643e-02	2.8525549477830957e-03	1.9020835000422183e-02	4.4668060512264504e-03	8.7907342873168853e-03	2.1273161185363923e-03
1.3700000000000000e-04	2.8859909568218517e-01	6.9156974854954228e-02	1.3247748856309788e-01	3.2772575652134102e-02	2.2028832163577400e-01	5.2784510660418775e-02	1.0293337639114758e-01	2.5450307733489091e-02	2.3437717994869968e-02	5.6280648900435730e-03	1.0762452361910242e-02	2.6679456547135773e-03	1.8119931674800801e-02	4.3506674906606440e-03	8.4716900420284975e-03	2.0988787177783517e-03
1.3899999999999999e-04	2.8536960913748494e-01	7.0017115841533112e-02	1.2953068269395565e-01	3.2835804786806311e-02	2.2287559702783286e-01	5.4680092456980627e-02	1.0309169600689820e-01	2.6119253103998749e-02	2.3159686037172989e-02	5.6936367403088274e-03	1.0515660747448197e-02	2.6709484496169372e-03	1.8312348290147041e-02	4.5014625952199553e-03	8.4750303841323784e-03	2.1513757004701373e-03
1.4099999999999998e-04	2.7903342364363970e-01	6.9460585234011704e-02	1.2727682856077607e-01	3.2772903575425748e-02	2.2773370246264177e-01	5.6685254989632484e-02	1.0600296317325522e-01	2.7279803201846569e-02	2.2089554318033451e-02	5.5090193394637310e-03	1.0078636533494624e-02	2.5999440228833587e-03	1.8242575116717917e-02	4.5490170429591647e-03	8.4955291515789143e-03	2.1902596336475996e-03
1.4300000000000001e-04	2.7942284724808936e-01	6.8829693352175952e-02	1.2863830669429896e-01	3.2770465142003560e-02	2.2756612044940949e-01	5.6050865701649230e-02	1.0687201942341810e-01	2.7210557839056071e-02	2.1757624195253372e-02	5.3696401087136754e-03	1.0019375095818683e-02	2.5571974620959954e-03	1.7933980274932378e-02	4.4254205098312235e-03	8.4264896054189048e-03	2.1493968978423495e-03
1.4500000000000000e-04	2.7616517476752728e-01	6.8520674442886967e-02	1.2687052115695358e-01	3.2575162719756488e-02	2.2975239731315739e-01	5.6999061026973198e-02	1.0775955304495552e-01	2.7652791758820808e-02	2.1849978441041834e-02	5.4309404103248717e-03	1.0040565312265758e-02	2.5825356632117702e-03	1.8386023250912410e-02	4.5693135204323146e-03	8.6275295772854279e-03	2.2177775935009374e-03
1.4700000000000000e-04	2.7186415946523768e-01	7.0470170726786671e-02	1.2043198596159556e-01	3.2347822663793165e-02	2.3233642549042988e-01	6.0216952806482267e-02	1.0529288822182091e-01	2.8264457101655694e-02	2.3122431629100684e-02	6.0035019087294715e-03	1.0245779123098903e-02	2.7564895410902789e-03	1.9972039976996241e-02	5.1847290186880571e-03	9.0554596329449136e-03	2.4347067315563502e-03
1.4899999999999999e-04	2.6414534411564156e-01	6.9214546595682880e-02	1.1597018307264802e-01	3.1534566697556866e-02	2.3704002419126374e-01	6.2102240588605043e-02	1.0669063260999453e-01	2.8993042212569105e-02	2.4203861608255942e-02	6.3511967945391193e-03	1.0629472878591058e-02	2.8943995319272195e-03	2.1921714054598630e-02	5.7512471624168266e-03	9.8713343857921715e-03	2.6861934999247504e-03
1.5099999999999998e-04	2.5798660455652778e-01	6.7331476063890394e-02	1.1334409076045068e-01	3.0728757635727248e-02	2.4058741250582402e-01	6.2778246651681219e-02	1.0851895120727083e-01	2.9401802245942261e-02	2.5195635083837702e-02	6.5839280866601818e-03	1.1072776241427162e-02	3.0055985266457968e-03	2.3687546998199676e-02	6.1884418604188536e-03	1.0689185779027232e-02	2.8995457964762785e-03
1.5300000000000001e-04	2.5662142680087630e-01	6.6895154845900293e-02	1.1269482620294306e-01	3.0523413953200781e-02	2.4139484492329183e-01	6.2913104319943375e-02	1.0887342738024043e-01	2.9469448253538724e-02	2.5463086517511811e-02	6.6456586694034646e-03	1.1185466086933955e-02	3.0331784309390879e-03	2.4142165488772557e-02	6.2994233561998823e-03	1.0893376172273183e-02	2.9519985980378002e-03
1.5500000000000000e-04	2.5289098253369241e-01	6.7018509910167459e-02	1.0877165963599011e-01	2.9983570120925153e-02	2.4459615289190617e-01	6.4805255420134225e-02	1.0823524358523760e-01	2.9815445464583906e-02	2.6088517381542397e-02	6.9221619837225700e-03	1.1224693330876745e-02	3.0978603969389505e-03	2.5436071479100767e-02	6.7472529408340969e-03	1.1260949492137141e-02	3.1056734322167170e-03
1.5699999999999999e-04	2.4835236022982315e-01	6.3461654398886763e-02	1.0894997965601159e-01	2.8966159522981708e-02	2.4643634560656727e-01	6.2955123161607632e-02	1.1127158253016566e-01	2.9564106016059577e-02	2.7501379964009639e-02	7.0350870083722263e-03	1.2068989695012683e-02	3.2121522546516962e-03	2.7481149747482492e-02	7.0277937070090720e-03	1.2414313289895774e-02	3.3018232114699051e-03
1.5899999999999999e-04	2.4606147150164770e-01	6.0588395073715579e-02	1.1060487320968697e-01	2.8327798592709275e-02	2.4619428390511885e-01	6.0603805534277300e-02	1.1385194802118138e-01	2.9141653583609983e-02	2.8654304402006898e-02	7.0625547560358081e-03	1.2885140237909255e-02	3.3032726421196651e-03	2.8846816669974684e-02	7.1077552902458182e-03	1.3346534968470429e-02	3.4193916112967623e-03
1.6099999999999998e-04	2.4333393421154595e-01	5.9844893008889517e-02	1.0800911191178547e-01	2.7654640186361729e-02	2.4986282993809961e-01	6.1430767521621840e-02	1.1426807642845838e-01	2.9238690073083461e-02	2.8853466892224903e-02	7.1035339685962071e-03	1.2812556162035534e-02	3.2838649925472016e-03	2.9823073503311991e-02	7.3396333832562695e-03	1.3645797790391115e-02	3.4951300277976730e-03
1.6300000000000000e-04	2.4294500514490108e-01	5.8213895372720793e-02	1.1027018749085403e-01	2.7489211130440096e-02	2.4773115269663126e-01	5.9342007674931564e-02	1.1573354886886812e-01	2.8834256519766521e-02	2.9755502410270206e-02	7.1368509838389341e-03	1.3511521372788451e-02	3.3714758722871055e-03	3.0522659727929252e-02	7.3183116630733012e-03	1.4266675346694008e-02	3.5577377240121272e-03
1.6500000000000000e-04	2.4094352633091307e-01	5.3942922249482710e-02	1.1497611087301390e-01	2.6740823220503047e-02	2.4374466089680766e-01	5.4553226287314072e-02	1.1948120436286040e-01	2.7775424082353731e-02	3.2096482192636361e-02	7.1920824583997078e-03	1.5323632204592324e-02	3.5669782888732384e-03	3.2628357873078398e-02	7.3087947022685692e-03	1.6002594199251298e-02	3.7231797776589421e-03
1.6699999999999999e-04	2.3803180219610245e-01	4.9648755754243531e-02	1.1754569081097720e-01	2.5450027706608824e-02	2.4380653130419924e-01	5.0836320968491354e-02	1.2359263764615108e-01	2.6749184232007187e-02	3.3706747050875577e-02	7.0368587446161066e-03	1.6654572035550708e-02	3.6090981835447730e-03	3.4687273577474122e-02	7.2389385904995116e-03	1.7594326254085628e-02	3.8112349445819480e-03
1.6899999999999999e-04	2.3619558525664722e-01	4.6948524620676856e-02	1.1808117098566162e-01	2.4360376001195550e-02	2.4661130099673725e-01	4.9000621454060575e-02	1.2659967645966722e-01	2.6109439116853400e-02	3.3977578915145031e-02	6.7602849548809175e-03	1.6996896967263694e-02	3.5098664325671674e-03	3.5658398098820238e-02	7.0918545805447927e-03	1.8317194305365433e-02	3.7812308539222827e-03
1.7099999999999998e-04	2.3552979773454019e-01	4.5070419292680075e-02	1.2155947722310566e-01	2.4110873063557883e-02	2.4288866714342480e-01	4.6462663673977354e-02	1.2851335233449201e-01	2.5484190806858778e-02	3.5212918066684439e-02	6.7447453928041494e-03	1.8185775333278219e-02	3.6105278608344624e-03	3.6487398947633705e-02	6.9862679105245204e-03	1.9318480018592096e-02	3.8344451970212671e-03
1.7300000000000000e-04	2.3485045190115353e-01	4.2993034614772829e-02	1.2816106228175739e-01	2.4257652119659610e-02	2.3397892979414936e-01	4.2822602238394097e-02	1.3045834016326438e-01	2.4689888780056617e-02	3.7439381408830741e-02	6.8602822635810204e-03	2.0445895082294521e-02	3.8735193672395900e-03	3.7452721986607061e-02	6.8608106000589185e-03	2.0896934825582050e-02	3.9584925726083801e-03
1.7500000000000000e-04	2.3473569189538551e-01	4.0234880026143054e-02	1.3073304523252491e-01	2.3143255579432410e-02	2.3653753437842867e-01	4.0532911288304392e-02	1.3454742686508883e-01	2.3818591755419116e-02	3.6755258466515728e-02	6.3066111626977825e-03	2.0486311868190919e-02	3.6304182856324628e-03	3.7215308893076393e-02	6.3836858462275568e-03	2.1184895204559406e-02	3.7541732523826395e-03
1.7699999999999999e-04	2.3485475762798097e-01	3.9132449929366646e-02	1.3321482068974644e-01	2.2902075707892763e-02	2.3545310689061277e-01	3.9222610392896214e-02	1.3627951887598796e-01	2.3430560148453374e-02	3.6705018145134355e-02	6.1225725768004856e-03	2.0836748554934920e-02	3.5861191594197114e-03	3.6982856879292120e-02	6.1672676971901179e-03	2.1422403188605235e-02	3.6871135356961486e-03
1.7899999999999999e-04	2.3552735606693861e-01	3.7295828793722757e-02	1.3879677753468203e-01	2.2627271188982636e-02	2.3267036855915230e-01	3.6836931728351216e-02	1.3961979398884022e-01	2.2765987352037262e-02	3.6283130193267558e-02	5.7521770355876177e-03	2.1400264332506878e-02	3.4928816030648062e-03	3.6040175747723453e-02	5.7125228209836407e-03	2.1645040985264451e-02	3.5334920689058151e-03
1.8099999999999998e-04	2.3701163202594952e-01	3.5059019376630432e-02	1.4521875361945652e-01	2.2055335902362635e-02	2.3177948919499458e-01	3.4281592589162420e-02	1.4431866134931084e-01	2.1926657717669672e-02	3.4769951734058932e-02	5.1498203103863896e-03	2.1323574471078088e-02	3.2427511916386233e-03	3.4222185771720551e-02	5.0680653522192538e-03	2.1327944900430842e-02	3.2445644929423260e-03
1.8300000000000000e-04	2.3810101963686733e-01	3.4226353476416484e-02	1.5323247710534291e-01	2.2556406258999667e-02	2.2552525293577019e-01	3.2419876805409684e-02	1.4702279139596675e-01	2.1652758230148283e-02	3.3960641927885671e-02	4.8884548654089107e-03	2.1877328602581844e-02	3.2249019113939829e-03	3.2393312456275566e-02	4.6629352043190374e-03	2.1138088610368581e-02	3.1174005768575272e-03
1.8500000000000000e-04	2.3946056660537668e-01	3.3747599028276766e-02	1.6322013432500332e-01	2.3490992838400521e-02	2.1778706528875871e-01	3.0699905056249265e-02	1.4978923500492841e-01	2.1570710023084763e-02	3.2584660491062185e-02	4.5990196357613084e-03	2.2233614341514149e-02	3.2047173738427009e-03	2.9866750272471040e-02	4.2162711616699818e-03	2.0563107383201575e-02	2.9656511704115769e-03
1.8699999999999999e-04	2.4168897987345314e-01	3.2096710776069744e-02	1.7009378544254847e-01	2.2999274762776481e-02	2.1773857242943906e-01	2.8925955124661954e-02	1.5434028381822285e-01	2.0884625044790460e-02	3.0098642424412510e-02	4.0033007107135267e-03	2.1205419578521137e-02	2.8717690762955612e-03	2.7363396110281501e-02	3.6406804291227433e-03	1.9417098862494740e-02	2.6315055362100548e-03
1.8899999999999999e-04	2.4314753370396314e-01	3.0942577402918916e-02	1.7384649014762754e-01	2.2477989435006604e-02	2.1863246093595753e-01	2.7834507865206033e-02	1.5730663852274868e-01	2.0356645700967447e-02	2.8510628006081867e-02	3.6338253777228780e-03	2.0406570365580797e-02	2.6426618690795663e-03	2.5892601120492700e-02	3.3014732547854489e-03	1.8650168505203891e-02	2.4172277866713189e-03
1.9099999999999998e-04	2.4528823198543007e-01	2.9467342378266440e-02	1.8085002745429263e-01	2.1994938075691584e-02	2.1824240428808364e-01	2.6233636432682155e-02	1.6161554702056552e-01	1.9675425185061587e-02	2.6081559318565536e-02	3.1380606178046059e-03	1.9249996403717905e-02	2.3448107229267238e-03	2.3470935700795108e-02	2.8255672385482148e-03	1.7399947474794682e-02	2.1215697027872839e-03
1.9300000000000000e-04	2.4629298418606224e-01	2.9243308440585526e-02	1.8647112399130183e-01	2.2377379348915202e-02	2.1535011115009539e-01	2.5587742146228946e-02	1.6345095414553854e-01	1.9635625083612225e-02	2.4675322952870591e-02	2.9342562864127235e-03	1.8701111804228503e-02	2.2476827051598272e-03	2.1841155038606043e-02	2.5990540662503823e-03	1.6595490676746604e-02	1.9966979773995354e-03
1.9500000000000000e-04	2.4734782873069505e-01	2.9850156409712971e-02	1.9736227319860311e-01	2.4040855567649167e-02	2.0734983664390830e-01	2.5047014799701815e-02	1.6520703667175263e-01	2.0145492838809915e-02	2.2423327432894553e-02	2.7101589352255344e-03	1.7909260991163946e-02	2.1848793113110505e-03	1.9058490190522963e-02	2.3056231491434564e-03	1.5201294057628182e-02	1.8564710712907452e-03
1.9699999999999999e-04	2.4765502495959718e-01	3.0347486013433535e-02	2.0644288919932657e-01	2.5511629802121120e-02	2.0039762922634297e-01	2.4585098691684803e-02	1.6624842420657415e-01	2.0566383267005304e-02	2.0871547216144367e-02	2.5612233391518356e-03	1.7413735250205752e-02	2.1550323479581049e-03	1.7140486327809502e-02	2.1057694338812178e-03	1.4234235588446331e-02	1.7634051303308967e-03
1.9899999999999999e-04	2.4708634862135345e-01	3.0650850702071575e-02	2.1560434683774632e-01	2.6944448123196785e-02	1.9277102313304526e-01	2.3946841115914389e-02	1.6680459868887110e-01	2.0867881486617532e-02	1.9986908183020759e-02	2.4823107403107968e-03	1.7453310659404562e-02	2.1837957876706953e-03	1.5825776999422170e-02	1.9682495917331825e-03	1.3706528448413904e-02	1.7167808812197523e-03
2.0099999999999998e-04	2.4592469431533903e-01	3.0055203631593357e-02	2.1862381453699276e-01	2.6871481676655248e-02	1.8952476676357755e-01	2.3199511569455780e-02	1.6682631805093801e-01	2.0527012763530156e-02	2.0807477005690345e-02	2.5453558340032293e-03	1.8509704316013380e-02	2.2772675977660059e-03	1.6244350547341736e-02	1.9903088290975854e-03	1.4310251512896967e-02	1.7624810491211362e-03
2.0300000000000000e-04	2.4465823302172721e-01	3.0117262942992971e-02	2.2121372574554959e-01	2.7379046648178754e-02	1.8580181123281977e-01	2.2911593931308361e-02	1.6610690633976996e-01	2.0580239486347143e-02	2.1515357790469716e-02	2.6506912243356973e-03	1.9465501847657687e-02	2.4112273568481163e-03	1.6528120229555857e-02	2.0397563508538635e-03	1.4786932942816230e-02	1.8335929087814294e-03
