9.9999999999999995e-07	9.9966477535416376e-01	8.3727980183511078e-05	8.3889495959176772e-05	7.0262532658765498e-09	8.3828495337329962e-05	7.0211442556607569e-09	7.0346883915639585e-09	5.8919775009804137e-13	8.3736527641992340e-05	7.0134414025142417e-09	7.0269707170183928e-09	5.8855134799038280e-13	7.0218611677143792e-09	5.8812340580249849e-13	5.8925792580533128e-13	4.9353919415615496e-17
3.0000000000000001e-06	9.9866105558693274e-01	3.3362057824449490e-04	3.3609380042033297e-04	1.1227810235666969e-07	3.3517184008130698e-04	1.1197014456128393e-07	1.1280020340157741e-07	3.7682910929721067e-11	3.3338553191445693e-04	1.1137339793460788e-07	1.1219904043527129e-07	3.7482082286313560e-11	1.1189130495777074e-07	3.7379290946617313e-11	3.7656391867291085e-11	1.2579786501338117e-14
4.9999999999999996e-06	9.9700367390620426e-01	7.4371328818375194e-04	7.5598413657626681e-04	5.6392415364470765e-07	7.5142461238588234e-04	5.6052397348885575e-07	5.6977212669279749e-07	4.2501984361615587e-10	7.4183317332715624e-04	5.5336931194026631e-07	5.6249958887940687e-07	4.1959495847580207e-10	5.5910822427677198e-07	4.1706591159900518e-10	4.2394713011522146e-10	3.1624214363757291e-13
6.9999999999999999e-06	9.9472292911664728e-01	1.3029914297392679e-03	1.3410747481902316e-03	1.7566693058167920e-06	1.3269311574810204e-03	1.7381521972993335e-06	1.7889525095453483e-06	2.3433427715190999e-09	1.2956083805030971e-03	1.6971230404972824e-06	1.7467257365649870e-06	2.2880309652972516e-09	1.7283161984111211e-06	2.2639287820745413e-09	2.3300955727058322e-09	3.0521852752715554e-12
9.0000000000000002e-06	9.9186357094916744e-01	1.9959166595116011e-03	2.0871407738091876e-03	4.1998752833069559e-06	2.0532191229439031e-03	4.1316708383333211e-06	4.3205004081350723e-06	8.6939803459582412e-09	1.9752463729076535e-03	3.9747714454589683e-06	4.1564385122824250e-06	8.3638538648602652e-09	4.0889576280040295e-06	8.2281736552554317e-09	8.6042227375308292e-09	1.7313970437536668e-11
1.1000000000000000e-05	9.8848323482716771e-01	2.8030657585257071e-03	2.9883849889550725e-03	8.4740021281893692e-06	2.9192830407098204e-03	8.2782794570662993e-06	8.8255398802476812e-06	2.5026101820624436e-08	2.7560697075023465e-03	7.8154708842034935e-06	8.3321682953896965e-06	2.3627133078274745e-08	8.1398030129465236e-06	2.3082282147689709e-08	2.4608184174172844e-08	6.9780240779889921e-11
1.2999999999999999e-05	9.8465042940751923e-01	3.7018362302211356e-03	4.0376358729378448e-03	1.5178899296196863e-05	3.9118929946357160e-03	1.4706926200531873e-05	1.6040875658426126e-05	6.0303292841496576e-08	3.6093394751142037e-03	1.3569529531436369e-05	1.4800415969005088e-05	5.5640237935124486e-08	1.4340490490730656e-05	5.3913916283092945e-08	5.8803912601069925e-08	2.2106556645578681e-10
1.4999999999999999e-05	9.8044220655116654e-01	4.6671787784347274e-03	5.2265586533569918e-03	2.4877742071827678e-05	5.0159056070542283e-03	2.3877095272055546e-05	2.6738464193576742e-05	1.2727154115097574e-07	4.5036914161705023e-03	2.1438999389642870e-05	2.4008463233743066e-05	1.1427807925258927e-07	2.3043561091722712e-05	1.0969458006237437e-07	1.2283965816663460e-07	5.8470508659016370e-10
1.7000000000000000e-05	9.7594165673881572e-01	5.6723260693842519e-03	6.5458622222077673e-03	3.8040369650310681e-05	6.2145592546907595e-03	3.6119954483263895e-05	4.1681431018461065e-05	2.4222560237732898e-07	5.4067431738899947e-03	3.1425249435885763e-05	3.6264508350648174e-05	2.1074889396823099e-07	3.4435600545249616e-05	2.0014749761012596e-07	2.3096330624822555e-07	1.3422271982257002e-09
1.8999999999999998e-05	9.7123537263117532e-01	6.6894985748779303e-03	7.9854878100021672e-03	5.4989560344353374e-05	7.4897418649792248e-03	5.1586400154880054e-05	6.1578277685746006e-05	4.2403888287478471e-07	6.2867427830650292e-03	4.3301551044980253e-05	5.1690088196920072e-05	3.5595469188713586e-07	4.8494983597464850e-05	3.3402105574140618e-07	3.9871457200987160e-07	2.7456733794834872e-09
2.0999999999999999e-05	9.6641101037472810e-01	7.6905797854196047e-03	9.5347695395089950e-03	7.5853498973153181e-05	8.8222269309722531e-03	7.0206032920197003e-05	8.7036773947054771e-05	6.9241630473771169e-07	7.1141263401525590e-03	5.6614983152885082e-05	7.0190220515999318e-05	5.5841176901596376e-07	6.4971548058729813e-05	5.1704931768963352e-07	6.4099471420979256e-07	5.0995450983905993e-09
2.3000000000000000e-05	9.6155505465677793e-01	8.6477628059121424e-03	1.1182561826014270e-02	1.0052743604848724e-04	1.0191880541937476e-02	9.1660568564468238e-05	1.1851896076841039e-04	1.0654421772957331e-06	7.8628644658586648e-03	7.0717646590614080e-05	9.1444440972879388e-05	8.2208724222024236e-07	8.3390649367270350e-05	7.5000282786298957e-07	9.6975088866367546e-07	8.7180522140690708e-09
2.4999999999999998e-05	9.5675086272161891e-01	9.5341768176713769e-03	1.2917333393051204e-02	1.2864733199895889e-04	1.1577848361773252e-02	1.1537462902551201e-04	1.5629874336552907e-04	1.5566169414492265e-06	8.5115009246482815e-03	8.4822975533330205e-05	1.1491926549967748e-04	1.1445733313969369e-06	1.0308090483006024e-04	1.0272676165351918e-06	1.3916129597305979e-06	1.3860136275520222e-08
2.6999999999999999e-05	9.5207702844441122e-01	1.0324504213799822e-02	1.4727231852407865e-02	1.5957808010301847e-04	1.2958735893499766e-02	1.4052619124571564e-04	2.0042373485072644e-04	2.1716965205198440e-06	9.0438195706908763e-03	9.8079511019057210e-05	1.3989997689478438e-04	1.5159986574552140e-06	1.2322199704994114e-04	1.3363248434633628e-06	1.9058616183711609e-06	2.0652388789036694e-08
2.9000000000000000e-05	9.4760607408080488e-01	1.0995597197343766e-02	1.6600125923981586e-02	1.9241861237894521e-04	1.4312797603790407e-02	1.6607807232253428e-04	2.5068328026928274e-04	2.9057508646826283e-06	9.4491137115066699e-03	1.0965236531646325e-04	1.6553740117345101e-04	1.9189667423442956e-06	1.4290659016441153e-04	1.6583486085077465e-06	2.5030783728099106e-06	2.9016360840136315e-08
3.1000000000000001e-05	9.4340344806301013e-01	1.1527096782337683e-02	1.8523634205647278e-02	2.2602568987965647e-04	1.5618150398800284e-02	1.9083057818719329e-04	3.0658486987568726e-04	3.7409248566063803e-06	9.7220706787933143e-03	1.1880203397850865e-04	1.9090381926780992e-04	2.3296376902839668e-06	1.6120903544631070e-04	1.9699274865583874e-06	3.1647351530714937e-06	3.8619591571797634e-08
3.2999999999999996e-05	9.3952678504064790e-01	1.1902048566725732e-02	2.0485149909633984e-02	2.5905734968078231e-04	1.6853024675616373e-02	2.1349377733908092e-04	3.6734133746732663e-04	4.6453932737486917e-06	9.8623196525046333e-03	1.2495121005895270e-04	2.1505155211643421e-04	2.7198662309026569e-06	1.7725326608098046e-04	2.2456929124208454e-06	3.8638422048461998e-06	4.8867507222144597e-08
3.4999999999999997e-05	9.3602537108339090e-01	1.2107499876274923e-02	2.2471870306987943e-02	2.9003576225822807e-04	1.7996062093050748e-02	2.3277582400658048e-04	4.3187122731051710e-04	5.5739320313084927e-06	9.8737189991318485e-03	1.2773255793304327e-04	2.3706811440625850e-04	3.0601208366830020e-06	1.9027308652801406e-04	2.4614542490595676e-06	4.5666155188710228e-06	5.8946087329021149e-08
3.6999999999999998e-05	9.3293975322316935e-01	1.2135053600527690e-02	2.4470838050482700e-02	3.1742766400395578e-04	1.9026663847604746e-02	2.4748152274420461e-04	4.9881441055948754e-04	6.4703688990717588e-06	9.7634779729909738e-03	1.2701352909550616e-04	2.5612305258938914e-04	3.3227733009280117e-06	1.9965975292888198e-04	2.5973364550282357e-06	5.2349803144724718e-06	6.7914335550305718e-08
3.8999999999999999e-05	9.3030143781973285e-01	1.1981346845879207e-02	2.6468999439749251e-02	3.3973868813128228e-04	1.9925387224207686e-02	2.5661320473203551e-04	5.6656438406206967e-04	7.2719322891653081e-06	9.5412152596026263e-03	1.2289764234607746e-04	2.7150342698631998e-04	3.4852910668823236e-06	2.0499397312129743e-04	2.6404124441128798e-06	5.8296218553196527e-06	7.4833795832222991e-08
4.1000000000000000e-05	9.2813263510323862e-01	1.1648418659277991e-02	2.8453282419529886e-02	3.5561603457429628e-04	2.0674382135249737e-02	2.5946437008476123e-04	6.3331768756032269e-04	7.9152114039211034e-06	9.2180534881563976e-03	1.1570460187061402e-04	2.8263702815985333e-04	3.5328912470016790e-06	2.0606179699435008e-04	2.5864149524006330e-06	6.3132450018383272e-06	7.8912699930735823e-08
4.2999999999999995e-05	9.2644602549151445e-01	1.1143931238371001e-02	3.0410694978008183e-02	3.6395227224481617e-04	2.1257853813198207e-02	2.5569585145834666e-04	6.9713958541362377e-04	8.3431214858789700e-06	8.8058356531865549e-03	1.0593371858479267e-04	2.8910445511513307e-04	3.4603115414268165e-06	2.0285588533363981e-04	2.4402765500639366e-06	6.6537106141416054e-06	7.9637381932333962e-08
4.4999999999999996e-05	9.2524454433036862e-01	1.0481213330313656e-02	3.2328442852601745e-02	3.6398194914584990e-04	2.1662533211039826e-02	2.4538480593160348e-04	7.5604368977719670e-04	8.5119965332351245e-06	8.3165284090223439e-03	9.4216098825350430e-05	2.9064277163815439e-04	3.2724913451479917e-06	1.9556498869301723e-04	2.2154428023335828e-06	6.8267673077975176e-06	7.6864656302230279e-08
4.6999999999999997e-05	9.2452120294237072e-01	9.6791024316423419e-03	3.4194064148799982e-02	3.5536235109117199e-04	2.1878133282399195e-02	2.2903880852829907e-04	8.0808171366311731e-04	8.3977747540744762e-06	7.7618510301586596e-03	8.1261016854716685e-05	2.8714432735536214e-04	2.9841046656477509e-06	1.8455495011258840e-04	1.9320927777041779e-06	6.8181691351890719e-06	7.0855693646481970e-08
4.8999999999999998e-05	9.2425898287975272e-01	8.7615729817529277e-03	3.5995577608436531e-02	3.3823035687546990e-04	2.1897767320910620e-02	2.0757062867676841e-04	8.5143822070072228e-04	8.0002525505632019e-06	7.1531402713718960e-03	6.7801090677894714e-05	2.7865434586886667e-04	2.6180199637059993e-06	1.7034418622316941e-04	1.6145527240750219e-06	6.6250405321138321e-06	6.2242983380444254e-08
5.1000000000000000e-05	9.2443085502323341e-01	7.7571497970488094e-03	3.7721640710328089e-02	3.1322891139624447e-04	2.1718304996298596e-02	1.8223358819397171e-04	8.8452427012177817e-04	7.3445849954659798e-06	6.5014331519210062e-03	5.4539780828184541e-05	2.6537006677806308e-04	2.2028684981961601e-06	1.5357562484813147e-04	1.2882867982066758e-06	6.2564038109194399e-06	5.1934902523049677e-08
5.3000000000000001e-05	9.2499998406635864e-01	6.6981183185930568e-03	3.9361713382896471e-02	2.8149905532995323e-04	2.1340642629240323e-02	1.5452216888881009e-04	9.0606339915443685e-04	6.4795881666815289e-06	5.8177243209774718e-03	4.2103780826806804e-05	2.4764276161283802e-04	1.7699830281258641e-06	1.3498586103488828e-04	9.7689006815158299e-07	5.7328191522582853e-06	4.0974673241673832e-08
5.4999999999999995e-05	9.2592018086064243e-01	5.6195548315093853e-03	4.0906222690700565e-02	2.4463645416540733e-04	2.0769866566153847e-02	1.2604706418523049e-04	9.1516354576520265e-04	5.4728929098013696e-06	5.1133342890552968e-03	3.1002377361517196e-05	2.2598213240743642e-04	1.3500305526104518e-06	1.1537127431950579e-04	6.9949708488659017e-07	5.0851134257935671e-06	3.0379763308935017e-08
5.6999999999999996e-05	9.2713665942906842e-01	4.5582099560682147e-03	4.2346723307923106e-02	2.0461461051395321e-04	2.0015292206911423e-02	9.8397440938417384e-05	9.1136932494252892e-04	4.4035200550945279e-06	4.4003111995177587e-03	2.1595896740027089e-05	2.0106082529512093e-04	9.6971161786372681e-07	9.5550409076597837e-05	4.6895796259918137e-07	4.3522111814109061e-06	2.0992189395114828e-08
5.8999999999999998e-05	9.2858714204448622e-01	3.5512870251723449e-03	4.3676047877538982e-02	1.6368003267228798e-04	1.9090366249173232e-02	7.3005199558089220e-05	8.9469048159645289e-04	3.3528907390620436e-06	3.6917832985529095e-03	1.4075723408923135e-05	1.7371543295240880e-04	6.4893014926221021e-07	7.6322274154599540e-05	2.9102519443392907e-07	3.5781461469282579e-06	1.3368505968209481e-08
6.0999999999999999e-05	9.3020333504915664e-01	2.6351633037286831e-03	4.4888440540226907e-02	1.2422720066816641e-04	1.8012425949870889e-02	5.1026126514727591e-05	8.6560422263840919e-04	2.3955609361250413e-06	3.0021826521123723e-03	8.4586745914761374e-06	1.4493973203659032e-04	3.9883562485759778e-07	5.8421348839929201e-05	1.6464238426566115e-07	2.8084304092695299e-06	7.7302629160051953e-09
6.3000000000000000e-05	9.3191277117364757e-01	1.8441063192740940e-03	4.5979666161532914e-02	8.8662922073630163e-05	1.6802316491759384e-02	3.3250957060762071e-05	8.2503128379283867e-04	1.5910192621655389e-06	2.3472731023897681e-03	4.5982748158606087e-06	1.1586618471117072e-04	2.2108152216519854e-07	4.2471722396990202e-05	8.3243819378818061e-08	2.0860794195039480e-06	3.9825240187484502e-09
6.4999999999999994e-05	9.3364098287365216e-01	1.2090397579739779e-03	4.6947087316372642e-02	5.9270417176147665e-05	1.5483875573612473e-02	2.0055756142866880e-05	7.7428777540400231e-04	9.7770215749182403e-07	1.7439362766604393e-03	2.2143330909787035e-06	8.7732932875065193e-05	1.0851345559292461e-07	2.8944484617381346e-05	3.6788994528706667e-08	1.4477054636127582e-06	1.7923530798212138e-09
6.7000000000000002e-05	9.3531393829107434e-01	7.5641319617059664e-04	4.7789701155833586e-02	3.8083159316761736e-05	1.4083302641714795e-02	1.1396202999322171e-05	7.1501682809431259e-04	5.7000092379712090e-07	1.2096970265002267e-03	9.4007951690665383e-07	6.1835454587695862e-05	4.7297781636307843e-08	1.8123688228855957e-05	1.4109514346420922e-08	9.2016282817651493e-07	7.0491708869979910e-10
6.8999999999999997e-05	9.3686064015122650e-01	5.0722701583348574e-04	4.8508129097385819e-02	2.6777194436392627e-05	1.2628438101319544e-02	6.8450330764759459e-06	6.4910559992264669e-04	3.5853995927328379e-07	7.6200138255915525e-04	3.8320445298863821e-07	3.9464408022464089e-05	2.0251766270690273e-08	1.0086452288562849e-05	5.0806227553307587e-09	5.1822096765738397e-07	2.6616202442340322e-10
7.0999999999999991e-05	9.3821576186146038e-01	4.7625780592421376e-04	4.9104553970415604e-02	2.6588562949716384e-05	1.1147984613441764e-02	5.6668151297486245e-06	5.7859414377215812e-04	3.1349327466688016e-07	4.1729253577059303e-04	1.9402279490080901e-07	2.1833544442158897e-05	1.0887560179381013e-08	4.7018059005664086e-06	2.1757315481279604e-09	2.4364062865026781e-07	1.2080576281719454e-10
7.2999999999999999e-05	9.3932217779165827e-01	6.7152016568629194e-04	4.9582601805027833e-02	3.8259823999313417e-05	9.6707073804625041e-03	6.9201216483787963e-06	5.0558287873016510e-04	3.9027140086180579e-07	1.8995960081746784e-04	1.3142024160351446e-07	1.0003508275413807e-05	7.4936434788028513e-09	1.6507147031418314e-06	1.1207294683177636e-09	8.5839872644884463e-08	6.3105966165584020e-11
7.4999999999999993e-05	9.4013323904660895e-01	1.0939882637909016e-03	4.9947168711536961e-02	6.2016865089882945e-05	8.2246524322055325e-03	9.5745089216031409e-06	4.3214496522427960e-04	5.3662331286356062e-07	9.1256114996102615e-05	1.1599279505180526e-07	4.8085184586838110e-06	6.5028464985777211e-09	4.6672527671638348e-07	6.0119382031411742e-10	2.4094733546232376e-08	3.3010763713265569e-11
7.7000000000000001e-05	9.4061465365094876e-01	1.7375854642597923e-03	5.0204196960460953e-02	9.7574505720520743e-05	6.8364208592964900e-03	1.2628825419418776e-05	3.6024884246307670e-04	7.0009144046416500e-07	1.2829713125240221e-04	2.6041525465638869e-07	6.7931443657897804e-06	1.4466475465736693e-08	5.9337668735424414e-07	1.2269107924557736e-09	3.0971898026447719e-08	6.7147505780420438e-11
7.8999999999999996e-05	9.4074585105382225e-01	2.5894340669067881e-03	5.0360408044004996e-02	1.4416717353347145e-04	5.5305325827076923e-03	1.5218195488169430e-05	2.9169471228857627e-04	8.3482642213314072e-07	3.0324331246553979e-04	8.6972920983074597e-07	1.6165631509022726e-05	4.8166697470114022e-08	1.4516356676911271e-06	4.1514829998424588e-09	7.6490521525069122e-08	2.2727415917543584e-10
8.0999999999999990e-05	9.4052074360012505e-01	3.6303414341387554e-03	5.0423003759915763e-02	2.0059937349257986e-04	4.3289059103571847e-03	1.6699301063369846e-05	2.2806705441096310e-04	9.0697388147771321e-07	6.1276713721461029e-04	2.4086175695909383e-06	3.2772644029020249e-05	1.3271682226295238e-07	2.5087226409873213e-06	9.8217177712426156e-09	1.3239842263917269e-07	5.3420054565841408e-10
8.2999999999999998e-05	9.3994783891493505e-01	4.8354853793063594e-03	5.0399348836305445e-02	2.6530991064513089e-04	3.2504695500077188e-03	1.6706838930889078e-05	1.7070355388913556e-04	8.9813103173987761e-07	1.0478714256214761e-03	5.4380978882305611e-06	5.6098144155913515e-05	2.9785883338869918e-07	3.3392143453632911e-06	1.7268021427301794e-08	1.7594473044503119e-07	9.3135584391245785e-10
8.4999999999999993e-05	9.3904970266719745e-01	6.1752523992771331e-03	5.0296650054238820e-02	3.3644387654130733e-04	2.3109129889329755e-03	1.5177708266660943e-05	1.2067931095692786e-04	8.0667557544751542e-07	1.5940967181951897e-03	1.0529418556153946e-05	8.5286754002384613e-05	5.7299756196367341e-07	3.6703450894973382e-06	2.4162470320876058e-08	1.9263236892384815e-07	1.2907723822532529e-09
8.7000000000000001e-05	9.3786181605334362e-01	7.6161783459964645e-03	5.0121647118803750e-02	4.1192717009692762e-04	1.5225704497248186e-03	1.2343046267928759e-05	7.8804036897900926e-05	6.4704215016090759e-07	2.2321156111349068e-03	1.8167234225924159e-05	1.1918966440749277e-04	9.8174743917089852e-07	3.4057841624149894e-06	2.7621895828147422e-08	1.7761420501378008e-07	1.4592508616416828e-09
8.8999999999999995e-05	9.3643091188260019e-01	9.1219428512723903e-03	4.9880329732666255e-02	4.8953960836321689e-04	8.9442419623836735e-04	8.6912550358529882e-06	4.5629206331035116e-05	4.4722972587755263e-07	2.9386735931190354e-03	2.8656513220598596e-05	1.5642922856339876e-04	1.5368686788747243e-06	2.6253932617062970e-06	2.5494146121139423e-08	1.3561805724030416e-07	1.3287235926053255e-09
9.0999999999999989e-05	9.3481290348824531e-01	1.0654375731352325e-02	4.9577693624449470e-02	5.6698424728060309e-04	4.3220578833908592e-04	4.9073973114114707e-06	2.1461859450129991e-05	2.4495492656601892e-07	3.6878018130987252e-03	4.2047606562569390e-05	1.9547697161021498e-04	2.2364213321465805e-06	1.5619759872099319e-06	1.7706627902482998e-08	7.9506953594807619e-08	9.0647652622244337e-10
9.2999999999999997e-05	9.3307053927390116e-01	1.2174444336158746e-02	4.9217545946370421e-02	6.4195211320458275e-04	1.3856960908335724e-04	1.7957128370609503e-06	6.3818934477594043e-06	8.2927228811949443e-08	4.4522014388257746e-03	5.8091466870160536e-05	2.3473893168992509e-04	3.0617820728019185e-06	5.5921989916537392e-07	7.2215654615608976e-09	2.7766680875191552e-08	3.6016742679184140e-10
9.4999999999999992e-05	9.3127092153003432e-01	1.3643203387726668e-02	4.8802367775032135e-02	7.1218289466694633e-04	1.3311830304337575e-05	1.9260671649227506e-07	2.6017386273028985e-07	3.7299338825046029e-09	5.2046845935746532e-03	7.6232579249525486e-05	2.7264201425648924e-04	3.9778857012213807e-06	1.7401689536209287e-08	2.3925141502265097e-10	1.3386309888459962e-09	1.9372270585979624e-11
9.7000000000000000e-05	9.2948302178488529e-01	1.5022701022649560e-02	4.8333238691880678e-02	7.7552305746744570e-04	5.3609744656233040e-05	8.7746812712243720e-07	2.7755320201375506e-06	4.4767057514659411e-08	5.9195545939105428e-03	9.5641538324480751e-05	3.0771532933067283e-04	4.9357199809066353e-06	3.3466201693320633e-07	5.4890766349420463e-09	2.0271112747435689e-08	3.2750740578508954e-10
9.8999999999999994e-05	9.2777530829777388e-01	1.6276844391182280e-02	4.7809825786616529e-02	8.2998318819245203e-04	2.5426053655666934e-04	4.4882992720665495e-06	1.3429583173229061e-05	2.3369892083227298e-07	6.5738181426708408e-03	1.1528334590470000e-04	3.3866120625225077e-04	5.8767712821894559e-06	1.8516606304721013e-06	3.2692126413746193e-08	1.0064753192248817e-07	1.7519174256379483e-09
1.0100000000000000e-04	9.2621357725222120e-01	1.7372233636129508e-02	4.7230437038072337e-02	8.7379608479491982e-04	6.0790433199539432e-04	1.1448538394686716e-05	3.1559193875091288e-05	5.8474822378875656e-07	7.1481426424923299e-03	1.3401238702818883e-04	3.6441165234117243e-04	6.7388387065378144e-06	4.8063056555945391e-06	9.0502846726532118e-08	2.5217532121202070e-07	4.6719058918204553e-09
1.0300000000000000e-04	9.2485905117492428e-01	1.8278973495926658e-02	4.6592136926110091e-02	9.0547622743116971e-04	1.1052229103530300e-03	2.1910732735427301e-05	5.6347250146852201e-05	1.0962136966403632e-06	7.6275001464423181e-03	1.5068147725307690e-04	3.8416735225127820e-04	7.4624455383468267e-06	9.3032909732156475e-06	1.8438322355640981e-07	4.7670159290334156e-07	9.2714064030252125e-09
1.0499999999999999e-04	9.2376677955833097e-01	1.8971467151100398e-02	4.5890920299543524e-02	9.2387989470403282e-04	1.7351119675885528e-03	3.5721848690138165e-05	8.6833048877422536e-05	1.7494712322865078e-06	8.0014721855467229e-03	1.6425087354484405e-04	3.9741780315766213e-04	7.9970047380559608e-06	1.5300753763024690e-05	3.1489614540983682e-07	7.6777992205567017e-07	1.5463121146067106e-08
1.0700000000000000e-04	9.2298435068898521e-01	1.9429188133703465e-02	4.5121938919876599e-02	9.2826353696960162e-04	2.4848306063334305e-03	5.2413913081161754e-05	1.2192408897382862e-04	2.5096590721830240e-06	8.2642230662904517e-03	1.7388384486834445e-04	4.0394274600949053e-04	8.3059482329078762e-06	2.2613894858805235e-05	4.7682029529144754e-07	1.1112681393784427e-06	2.2864315868720418e-08
1.0899999999999999e-04	9.2255090266768325e-01	1.9637414734370015e-02	4.4279773660686084e-02	9.1833634253828751e-04	3.3401362977325080e-03	7.1222246949168461e-05	1.6041122923436167e-04	3.3281215792417296e-06	8.4141796526016801e-03	1.7901806242547885e-04	4.0379656586270283e-04	8.3701973516614152e-06	3.0933267474764902e-05	6.5931175464919353e-07	1.4868089914437258e-06	3.0832771143206509e-08
1.1100000000000000e-04	9.2249640703381142e-01	1.9587899414554324e-02	4.3358744020291121e-02	8.9430153745147592e-04	4.2854166197500553e-03	9.1131695515486261e-05	2.0098907953376154e-04	4.1465203453802962e-06	8.4534801505059317e-03	1.7940611959015029e-04	3.9727865836987087e-04	8.1896046780486829e-06	3.9853924208020789e-05	8.4711372933672413e-07	1.8699500666208322e-06	3.8557605260926319e-08
1.1300000000000000e-04	9.2284119079715299e-01	1.9279435428143817e-02	4.2353245376191465e-02	8.5688014968109420e-04	5.3038305244129218e-03	1.1094897442560463e-04	2.4228309622487441e-04	4.9023197814517863e-06	8.3872708787196097e-03	1.7512313953747309e-04	3.8489375208534135e-04	7.7822920649809641e-06	4.8910877388424715e-05	1.0226000183985773e-06	2.2346069488724697e-06	4.5187228881284861e-08
1.1499999999999999e-04	9.2359566167459428e-01	1.8718276116636290e-02	4.1258103276659214e-02	8.0731100216480860e-04	6.3774717727946859e-03	1.2939666805394505e-04	2.8288418376130816e-04	5.5351404389654779e-06	8.2229373304562939e-03	1.6654382957630132e-04	3.6730670930437936e-04	7.1820949460359298e-06	5.7616386430339772e-05	1.1682783815341501e-06	2.5555672482541598e-06	4.9968560233471689e-08
1.1700000000000000e-04	9.2476020586682728e-01	1.7918360569691500e-02	4.0068933058337294e-02	7.4732173610516869e-04	7.4875656594454183e-03	1.4522179073512363e-04	3.2139071430634775e-04	5.9932845342340071e-06	7.9693539296620472e-03	1.5429476714674212e-04	3.4529631541982121e-04	6.4345524450849773e-06	6.5495310737042402e-05	1.2693070024250071e-06	2.8107680037722297e-06	5.2369607748076797e-08
1.1899999999999999e-04	9.2632523627744834e-01	1.6901303191196173e-02	3.8782492252922837e-02	6.7906772401898018e-04	8.6147074485655104e-03	1.5730952457539631e-04	3.5645684812365426e-04	6.2396192380018381e-06	7.6362265850520375e-03	1.3918969192366706e-04	3.1971199014408817e-04	5.5920233427920276e-06	7.2115921741410855e-05	1.3155970358600291e-06	2.9831429023633156e-06	5.2161775476379891e-08
1.2100000000000000e-04	9.2827137995656206e-01	1.5696113999882511e-02	3.7397012673267359e-02	6.0503866066732945e-04	9.7391473134386172e-03	1.6479119259603205e-04	3.8684498015663051e-04	6.2559956841578098e-06	7.2335849834764595e-03	1.2215602597960418e-04	2.9143628173580705e-04	4.7085482950657478e-06	7.7114857524163190e-05	1.3031708756239369e-06	3.0619124827878999e-06	4.9447382068409764e-08
1.2299999999999998e-04	9.3056980503036135e-01	1.4338630276999172e-02	3.5912498833267859e-02	5.2793610366860659e-04	1.0841122271239382e-02	1.6713508945257412e-04	4.1147918223034645e-04	6.0455110400047114e-06	6.7714595572853963e-03	1.0416000140111374e-04	2.6135459580758176e-04	3.8350297803896213e-06	8.0216034911121214e-05	1.2345894329067301e-06	3.0432636264337585e-06	4.4629502606649335e-08
1.2500000000000000e-04	9.3318269788493580e-01	1.2870656940821987e-02	3.4330979544882935e-02	4.5052882923403756e-04	1.1901230908978981e-02	1.6420972231136012e-04	4.2949579154843797e-04	5.6321866963658167e-06	6.2597534923386471e-03	8.6136159959649574e-05	2.3033209599830680e-04	3.0151905115833414e-06	8.1244077369681432e-05	1.1184195235559636e-06	2.9304222308590285e-06	3.8332664594696997e-08
1.2700000000000000e-04	9.3606390953761642e-01	1.1338830992196649e-02	3.2656700234789421e-02	3.7549606206054443e-04	1.2900841891115055e-02	1.5631136068512330e-04	4.4028693841316252e-04	5.0580054407430215e-06	5.7082953896835133e-03	6.8925223368162029e-05	1.9919636703513339e-04	2.2826315059404567e-06	8.0133055672803824e-05	9.6785786152963213e-07	2.7331606892406628e-06	3.1291873522237160e-08
1.2899999999999999e-04	9.3915979479967715e-01	9.7932427834108837e-03	3.0896244807956708e-02	3.0527093924196660e-04	1.3822522640286118e-02	1.4415137004758570e-04	4.4353290114371153e-04	4.3776634342613543e-06	5.1270355865248793e-03	5.3222949861299593e-05	1.6872351359745134e-04	1.6591696992778912e-06	7.6931094112935651e-05	7.9874502425707951e-07	2.4668035688605381e-06	2.4232419528112760e-08
1.3099999999999999e-04	9.4241026807909967e-01	8.2858622531254388e-03	2.9058577814090703e-02	2.4189758428529469e-04	1.4650470537274616e-02	1.2880319973802935e-04	4.3921976498650163e-04	3.6517706320740575e-06	4.5263308529830109e-03	3.9541881031517259e-05	1.3962507682781992e-04	1.1545054805019398e-06	7.1800823054707068e-05	6.2728373274404907e-07	2.1508103578249843e-06	1.7763307001743568e-08
1.3300000000000001e-04	9.4575009481929717e-01	6.8688306263220908e-03	2.7155000278745157e-02	1.8691467610728194e-04	1.5370925868154264e-02	1.1161353454288569e-04	4.2763992100390091e-04	2.9394978769204685e-06	3.9172500973510809e-03	2.8187801456690317e-05	1.1253356388392709e-04	7.6715270999502116e-07	6.5015008549358311e-05	4.6781705064760000e-07	1.8070338443976546e-06	1.2303111308620284e-08
1.3500000000000000e-04	9.4911042729933293e-01	5.5926868512384082e-03	2.5199015841562023e-02	1.4127638485693042e-04	1.5972543932103508e-02	9.4086351849304202e-05	4.0937437793731198e-04	2.2917616332904343e-06	3.3118292808463103e-03	1.9252939012542257e-05	8.7985436932513708e-05	4.8645083955932083e-07	5.6946241296853124e-05	3.3101869609107377e-07	1.4577824357856472e-06	8.0494334555414581e-09
1.3700000000000000e-04	9.5242057800606594e-01	4.5046030602749155e-03	2.3206107747246112e-02	1.0531821014198324e-04	1.6446703551771531e-02	7.7751840004079364e-05	3.8525751960746249e-04	1.7459345946578424e-06	2.7232077840236716e-03	1.2627906397016883e-05	6.6401880863807395e-05	2.9536760177513018e-07	4.8049553253671744e-05	2.2279299286963705e-07	1.1238518044235963e-06	4.9933629601279981e-09
1.3899999999999999e-04	9.5561000384493067e-01	3.6467046371864240e-03	2.1193431640307941e-02	7.8770980013664289e-05	1.6787730947134507e-02	6.4033858617410923e-05	3.5632662277176787e-04	1.3227907189194306e-06	2.1655909874339937e-03	8.0336212610125297e-06	4.8069234774654927e-05	1.7370049978355798e-07	3.8837367194451258e-05	1.4407252016702569e-07	8.2272413642719532e-07	2.9705048687476134e-09
1.4099999999999998e-04	9.5861045164105108e-01	3.0545481375809252e-03	1.9179433816583498e-02	6.0821560999573137e-05	1.6993021639591491e-02	5.4129611292107729e-05	3.2375993924408552e-04	1.0259937357504102e-06	1.6540038785960271e-03	5.0726549337505386e-06	3.3122254635918700e-05	1.0121878260539781e-07	2.9847230887562962e-05	9.1544187074490624e-08	5.6714540809768483e-07	1.7324969694236107e-09
1.4300000000000001e-04	9.6135819197766148e-01	2.7558243843914185e-03	1.7183409281255106e-02	5.0214256477543797e-05	1.7063048635870857e-02	4.8913473381797998e-05	2.8880824233191657e-04	8.4400100871622760e-07	1.2038261321116739e-03	3.2967144114739594e-06	2.1534034503322577e-05	6.0283932910243036e-08	2.1604143208085427e-05	5.9152198456003492e-08	3.6426769325890072e-07	1.0195685584546066e-09
1.4500000000000000e-04	9.6379624725245783e-01	2.7693445405838749e-03	1.5225018262422228e-02	4.5382977285167973e-05	1.7001252252183081e-02	4.8873749403586581e-05	2.5272529238356780e-04	7.5386735581499409e-07	8.3012750763409595e-04	2.2837145379185246e-06	1.3116232485205225e-05	3.7568112725465619e-08	1.4580630923355267e-05	4.0057290607230554e-08	2.1547835756229889e-07	6.1658993186460100e-10
1.4700000000000000e-04	9.6587650393690327e-01	3.1043539089573584e-03	1.3323783278330470e-02	4.4601505582749083e-05	1.6813814991658901e-02	5.4087014602625904e-05	2.1670261708684580e-04	7.2616840594428184e-07	5.4685015672736403e-04	1.7149026463033083e-06	7.5321867739383116e-06	2.4657972635407184e-08	9.1587345874428232e-06	2.8620114472671692e-08	1.1693796428382977e-07	3.8169165514321483e-10
1.4899999999999999e-04	9.6756159117142593e-01	3.7602019262364958e-03	1.1498590997416090e-02	4.6137839257359988e-05	1.6509333105628566e-02	6.4230236466272466e-05	1.8181334674237490e-04	7.3016174110256027e-07	3.6590795045745786e-04	1.4406195296326926e-06	4.3237264862095326e-06	1.7559129948523333e-08	5.5984214349274071e-06	2.1959059487795009e-08	6.0733211249458618e-08	2.4578333979175857e-10
1.5099999999999998e-04	9.6882641003512759e-01	4.7263780260291335e-03	9.7672235766946957e-03	4.8398808003528187e-05	1.6098403976272675e-02	7.8626709077739493e-05	1.4896869802442136e-04	7.3836986737210714e-07	2.9628901757355961e-04	1.5232464457271792e-06	2.9503114813510045e-06	1.5353167193657317e-08	4.0165120611770011e-06	2.0723081321962963e-08	3.6446958842699337e-08	1.9013981150734397e-10
1.5300000000000001e-04	9.6965921092345686e-01	5.9829029790224942e-03	8.1459426817496981e-03	5.0052800439171035e-05	1.5593154405861571e-02	9.6318515692349902e-05	1.1888923524941208e-04	7.2997019384078436e-07	3.4325396297836514e-04	2.2480672760375418e-06	2.8370025462794932e-06	1.8442185654491238e-08	4.3790165144884563e-06	2.8901884181362647e-08	3.2880162282047419e-08	2.1479376325787552e-10
1.5500000000000000e-04	9.7006213985411649e-01	7.5010456939104608e-03	6.6491459664933250e-03	5.0121257460768827e-05	1.5006738599957175e-02	1.1615614125835812e-04	9.2091466593158001e-05	6.9265781739773896e-07	5.0771761785127012e-04	4.0970406195548845e-06	3.4260985803321551e-06	2.6892913975533156e-08	6.5080293317874899e-06	5.2724984342316480e-08	3.9646933772586983e-08	3.1118439353597783e-10
1.5699999999999999e-04	9.7005120617673235e-01	9.2443182781620087e-03	5.2891106616713649e-03	4.8033156698061311e-05	1.4352835682130281e-02	1.3689514305639553e-04	6.8888864674654870e-05	6.2294269404089229e-07	7.8588701140971191e-04	7.6861941019679790e-06	4.2264176694537042e-06	3.9337770711769161e-08	1.0102359803263946e-05	9.8918370652556583e-08	4.8406462808304925e-08	4.4859901733468237e-10
1.5899999999999999e-04	9.6965566089811872e-01	1.1169689374565915e-02	4.0758325655081027e-03	4.3640553885517295e-05	1.3645174920600993e-02	1.5729038151274461e-04	4.9405211915629385e-05	5.2509644888679055e-07	1.1692043234827673e-03	1.3673503534412931e-05	4.8543163211469480e-06	5.2716100951982777e-08	1.4769242541941918e-05	1.7273617721454587e-07	5.3582003936168389e-08	5.7728772699320002e-10
1.6099999999999998e-04	9.6891681277730268e-01	1.3228948949290232e-02	3.0169618030065062e-03	3.7196886406624453e-05	1.2897112786284033e-02	1.7617994941944540e-04	3.3597375625957893e-05	4.0913679106679684e-07	1.6446138034011189e-03	2.2649522317145674e-05	5.0616118161404682e-06	6.2891919277968488e-08	2.0063108410860331e-05	2.7622841413965080e-07	5.2525192311348239e-08	6.4440843401781123e-10
1.6300000000000000e-04	9.6788634452226885e-01	1.5370157588527993e-02	2.1178299564633641e-03	2.9302792390422478e-05	1.2121280101367817e-02	1.9255322782909669e-04	2.1284257788179697e-05	2.8831384523838963e-07	2.1951396634847520e-03	3.5026603985582529e-05	4.7473912162841279e-06	6.5932769778695978e-08	2.5526707910038497e-05	4.0713773060859953e-07	4.5187864839366985e-08	6.1456259368095554e-10
1.6500000000000000e-04	9.6662422035782236e-01	1.7539119760898572e-02	1.3815572686211406e-03	2.0826402295550168e-05	1.1329310672590765e-02	2.0560001337436695e-04	1.2178712701790370e-05	1.7654922554347984e-07	2.8007315971034074e-03	5.0943575639215321e-05	3.9529226925375843e-06	5.9646302401599430e-08	3.0729931566563042e-05	5.5866177309914560e-07	3.3441539558243335e-08	4.8585816037172193e-10
1.6699999999999999e-04	9.6519629642542804e-01	1.9680832205831437e-02	8.0922414279655636e-04	1.2806325499498207e-05	1.0531655781988558e-02	2.1474001841624874e-04	5.9196011600395454e-06	8.6197558540699829e-08	3.4393093132564561e-03	7.0200929189829096e-05	2.8411421951688408e-06	4.4896182043177060e-08	3.5302384294712624e-05	7.2011728994107545e-07	2.0223935715624926e-08	2.9498326956886368e-10
1.6899999999999999e-04	9.6367175566910634e-01	2.1740873554441997e-02	4.0008845981911057e-04	6.3459383766964305e-06	9.7374824975147972e-03	2.1963395673206372e-04	2.1017412356967315e-06	2.6380839714418370e-08	4.0879200257924238e-03	9.2237292418402661e-05	1.6641069865862245e-06	2.6273872145463737e-08	3.8956954244362704e-05	8.7834886846054647e-07	8.6904311697468176e-09	1.0932636852997220e-10
1.7099999999999998e-04	9.6212048911694958e-01	2.3666716912036444e-02	1.5182940400502060e-04	2.5072502233312395e-06	8.9546485482014417e-03	2.2017873854106727e-04	3.0220515295760843e-07	2.0172108546654088e-09	4.7239148199049652e-03	1.1615187488931207e-04	7.2311155529139331e-07	1.1869076776083939e-08	4.1503026993919604e-05	1.0195827706883747e-06	1.5136151691981255e-09	8.8800928027492587e-12
1.7300000000000000e-04	9.6061053700982402e-01	2.5408960791357477e-02	6.0799412290495491e-05	2.2118020700321138e-06	8.1897428195269704e-03	2.1648998457513864e-04	1.0209493616418999e-07	1.3549897465146354e-08	5.3260516815544865e-03	1.4077080620566654e-04	3.2670298484373307e-07	1.2112246711323650e-08	4.2849388315638314e-05	1.1313608968021583e-06	4.1942157856529275e-10	6.3903965653155746e-11
1.7500000000000000e-04	9.5920568814023055e-01	2.6922483219245955e-02	1.2226822093837017e-04	6.1549606578469070e-06	7.4481784448877644e-03	2.0887520952877177e-04	1.1035290918906796e-06	5.7292728695012293e-08	5.8754440023620277e-03	1.6474893899373914e-04	7.5160230632852028e-07	3.7896535538694246e-08	4.2998032451164305e-05	1.2042062189502900e-06	5.9885943867546410e-09	3.1523598049656616e-10
1.7699999999999999e-04	9.5796331659328282e-01	2.8167527535733126e-02	3.3064635700271459e-04	1.4738774687735136e-05	6.7343248563724138e-03	1.9780076639503769e-04	2.9420427307182833e-06	1.2625083670737270e-07	6.3562918707436768e-03	1.8669380180450523e-04	2.2106491722271494e-06	9.8365596270839777e-08	4.2030917904600279e-05	1.2327547999075091e-06	1.7700163249208497e-08	7.6278132983998869e-10
1.7899999999999999e-04	9.5693251443409411e-01	2.9110725851890940e-02	6.7967933988871752e-04	2.8027354530837730e-05	6.0516657100033637e-03	1.8385515508301703e-04	5.2949282004436561e-06	2.1124717549299031e-07	6.7563570350552106e-03	2.0529569157611024e-04	4.8305422182617063e-06	1.9883658237852456e-07	4.0092137475901473e-05	1.2162139564790070e-06	3.4157441858611224e-08	1.3648338461722072e-09
1.8099999999999998e-04	9.5615255906289398e-01	2.9726057898262707e-02	1.1626078780622203e-03	4.5727532286319762e-05	5.4029709302435410e-03	1.6771074055014237e-04	7.8862294594136250e-06	3.0218195616474116e-07	7.0671683106201108e-03	2.1944772056031186e-04	8.6405957232038077e-06	3.3929980757014440e-07	3.7368011885735308e-05	1.1581402109911915e-06	5.3419880792891143e-08	2.0476041114709291e-09
1.8300000000000000e-04	9.5565173668954440e-01	2.9995730633869337e-02	1.7722930931085503e-03	6.7196310487369402e-05	4.7904728285888031e-03	1.5008542198673082e-04	1.0489172418911241e-05	3.8926622107886977e-07	7.2839696032662255e-03	2.2834186486033750e-04	1.3572225483503571e-05	5.1381066361980925e-07	3.4067346731066389e-05	1.0656466635331833e-06	7.3364448620544111e-08	2.7216655205320761e-09
1.8500000000000000e-04	9.5544652967014254e-01	2.9910949794033043e-02	2.5013089985913596e-03	9.1475247359650301e-05	4.2160379958307553e-03	1.3170542406203150e-04	1.2926792696679633e-05	4.6409633535857983e-07	7.4054451174790249e-03	2.3153118310381227e-04	1.9467627478950254e-05	7.1090084839033539e-07	3.0403609689894555e-05	9.4822816356333246e-07	9.2013550981235300e-08	3.3006412735618438e-09
1.8699999999999999e-04	9.5554116556761504e-01	2.9472541215935389e-02	3.3420069257429842e-03	1.1735040719272235e-04	3.6813281962006948e-03	1.1327017636146300e-04	1.5071438578128255e-05	5.2046834682292542e-07	7.4332737030693005e-03	2.2895357139633162e-04	2.6095271704559036e-05	9.1493168980250028e-07	2.6580195767853066e-05	8.1642594053703954e-07	1.0778695964776790e-07	3.7175060639272589e-09
1.8899999999999999e-04	9.5592751937210207e-01	2.8691369943432462e-02	4.2865582353232359e-03	1.4343483537172962e-04	3.1879446700085502e-03	9.5420200720060789e-05	1.6843703139274654e-05	5.5486672774145291e-07	7.3715753292934770e-03	2.2091774835385317e-04	3.3169470623333226e-05	1.1081383963498161e-06	2.2779350842874223e-05	6.8054342668416679e-07	1.1965715018821804e-07	3.9350963702623345e-09
1.9099999999999998e-04	9.5658535651939813e-01	2.7588500979356369e-02	5.3269824748221348e-03	1.6826878487470251e-04	2.7375510639110908e-03	7.8709000858953758e-05	1.8211192621084816e-05	5.6659900483953172e-07	7.2263167330617025e-03	2.0805672881106787e-04	4.0371385519409172e-05	1.2730042225851596e-06	1.9154795757229631e-05	5.4958204381644201e-07	1.2720646432478602e-07	3.9492807776609102e-09
1.9300000000000000e-04	9.5748290213128484e-01	2.6195048533208549e-02	6.4551681818220226e-03	1.9043128555166746e-04	2.3319707413965995e-03	6.3580086654259666e-05	1.9187380744708200e-05	5.5758496207889418e-07	7.0047404231990719e-03	1.9125718259655687e-04	4.7369321176055451e-05	1.3945724381402995e-06	1.5827687662500476e-05	4.3050409173292280e-07	1.3059806852867328e-07	3.7851506207788801e-09
1.9500000000000000e-04	9.5857772023344023e-01	2.4551671100618188e-02	7.6628928924830312e-03	2.0865532102388602e-04	1.9732546401888206e-03	5.0350396324213367e-05	1.9830640437871475e-05	5.3184533469022772e-07	6.7148720828165732e-03	1.7157447537816101e-04	5.3836893578856157e-05	1.4623461468217179e-06	1.2885299851747969e-05	3.2786422942871859e-07	1.3048007295570850e-07	3.4880835229666028e-09
1.9699999999999999e-04	9.5981788473308161e-01	2.2707687035984612e-02	8.9418477191012292e-03	2.2193808124435828e-04	1.6637163322689144e-03	3.9201428794499358e-05	2.0243394430706361e-05	4.9476866419502695e-07	6.3651471233298652e-03	1.5014293876379245e-04	5.9468473044551041e-05	1.4715206810609834e-06	1.0381700880462940e-05	2.4379316749533665e-07	1.2784422021813814e-07	3.1123509012176142e-09
1.9899999999999999e-04	9.6114342108790329e-01	2.0719807820197746e-02	1.0283670271475644e-02	2.2963767166959544e-04	1.4059316928177288e-03	3.0179293720238371e-05	2.0571194132708715e-05	4.5226393856494016e-07	5.9641792041955763e-03	1.2808944615270269e-04	6.3992042846572054e-05	1.4234131093639821e-06	8.3397546051956914e-06	1.7827415909613995e-07	1.2385904015543773e-07	2.7100447590805040e-09
2.0099999999999998e-04	9.6248799358712878e-01	1.8650511679519609e-02	1.1679987893712397e-02	2.3154837716302470e-04	1.2027017358638324e-03	2.3204569668332607e-05	2.1001432871853540e-05	4.0992759661696914e-07	5.5206737179490945e-03	1.0645631073607119e-04	6.7180134441997740e-05	1.3250733939188319e-06	6.7539161235628068e-06	1.2962678641602462e-07	1.1969444516989333e-07	2.3226084315114736e-09
2.0300000000000000e-04	9.6378080794374987e-01	1.6566105959007163e-02	1.3122471362060070e-02	2.2794808080256956e-04	1.0569787864016672e-03	1.8092298995175216e-05	2.1761335699094574e-05	3.7236258121225203e-07	5.0434695193495825e-03	8.6137514368748650e-05	6.8859716872059231e-05	1.1881657328080539e-06	5.5935239729416728e-06	9.5101697315466780e-08	1.1635234931410657e-07	1.9763695884533579e-09
