9.9999999999999995e-07	9.9939896269078121e-01	1.5010417277487110e-04	1.5039375260404169e-04	2.2588305716777152e-08	1.5028438503623601e-04	2.2571879834411981e-08	2.2615425240559826e-08	3.3967111685436181e-12	1.5011949770316323e-04	2.2547114667752508e-08	2.2590612418780433e-08	3.3929844198623369e-12	2.2574184803038340e-08	3.3905171611593320e-12	3.3970581114728232e-12	5.1021924643128179e-16
3.0000000000000001e-06	9.9758315734714120e-01	6.0248996126640241e-04	6.0651197228999494e-04	3.6630255416375094e-07	6.0506910727356846e-04	3.6543125180257266e-07	3.6787072266067055e-07	2.2217530912216111e-10	6.0057899048859831e-04	3.6271946655632195e-07	3.6514084306343714e-07	2.2052661149843645e-10	3.6427239398268534e-07	2.2000218146428715e-10	2.2147082012075681e-10	1.3375717971630853e-13
4.9999999999999996e-06	9.9455673872512795e-01	1.3527987280276322e-03	1.3726262182539889e-03	1.8670469283493491e-06	1.3655801484179660e-03	1.8574657331116439e-06	1.8846894602505727e-06	2.5635555926600062e-09	1.3411202827528935e-03	1.8241959288566227e-06	1.8509321585064780e-06	2.5176396791522559e-09	1.8414363948661358e-06	2.5047274061404064e-09	2.5414371509686746e-09	3.4568651766643508e-12
6.9999999999999999e-06	9.9035429897196137e-01	2.3868816672146828e-03	2.4488967233807063e-03	5.9021283480099888e-06	2.4268748510070390e-03	5.8490813274747249e-06	6.0010451024659835e-06	1.4463221967820714e-08	2.3480199365182213e-03	5.6590366351420393e-06	5.8060637742000974e-06	1.3993308496817792e-08	5.7539082773267967e-06	1.3867674540897007e-08	1.4227958404949051e-08	3.4291080886358162e-11
9.0000000000000002e-06	9.8503920926180366e-01	3.6813776207933026e-03	3.8316109650326090e-03	1.4319673345655837e-05	3.7781208138654800e-03	1.4119933324999756e-05	1.4696124901034883e-05	5.4923030618268034e-08	3.5852369658211972e-03	1.3399104377808480e-05	1.3945885790978455e-05	5.2119334549999760e-08	1.3751524422999466e-05	5.1393560074735327e-08	5.3490688319147184e-08	1.9990833338841297e-10
1.1000000000000000e-05	9.7870081841858014e-01	5.2046880253201087e-03	5.5135895341146216e-03	2.9320308322889969e-05	5.4030947281654548e-03	2.8733414658037234e-05	3.0438637328743947e-05	1.6186733526541052e-07	5.0062361797833617e-03	2.6623077906502168e-05	2.8203079806212295e-05	1.4997981511630701e-07	2.7639228523061433e-05	1.4698490965737364e-07	1.5570740349623093e-07	8.2802880863787585e-10
1.2999999999999999e-05	9.7145069750680813e-01	6.9182744123075686e-03	7.4847267396838087e-03	5.3300740955340569e-05	7.2808579957315779e-03	5.1851271720503460e-05	5.6096311601541417e-05	3.9947668852518942e-07	6.5563542515082599e-03	4.6692100895756661e-05	5.0514833593615411e-05	3.5973293793994030e-07	4.9143315363894714e-05	3.4998165549124172e-07	3.7863218531256213e-07	2.6963647213176995e-09
1.4999999999999999e-05	9.6341816784551382e-01	8.7781858078987904e-03	9.7326236961992676e-03	8.8671936879921968e-05	9.3865544751770662e-03	8.5525547178767687e-05	9.4823379013997741e-05	8.6391580806725035e-07	8.1755425565363093e-03	7.4492610836949779e-05	8.2591230807537724e-05	7.5248330423539013e-07	7.9666491865623839e-05	7.2589200027646234e-07	8.0479851957390763e-07	7.3324619075357261e-09
1.7000000000000000e-05	9.5474537734808584e-01	1.0736715409050688e-02	1.2243266273007945e-02	1.3766614012831219e-04	1.1692270173778418e-02	1.3148683704138303e-04	1.4993365460602202e-04	1.6858873447140992e-06	9.8013034185807750e-03	1.1022450621857560e-04	1.2568896384657861e-04	1.4133099712128439e-06	1.2006098134683134e-04	1.3501926800535385e-06	1.5395923806385954e-06	1.7311933933725421e-08
1.8999999999999998e-05	9.4558219584107972e-01	1.2744088068726227e-02	1.5001699457104726e-02	2.0214703066696391e-04	1.4167895339774115e-02	1.9094757999551384e-04	2.2476674462656104e-04	3.0287145704680641e-06	1.1371635084210305e-02	1.5326673191966826e-04	1.8041369307395867e-04	2.4311506990249338e-06	1.7044676131423042e-04	2.2972752377281251e-06	2.7040883256560181e-06	3.6438676692747175e-08
2.0999999999999999e-05	9.3608118569109189e-01	1.4750091105571527e-02	1.7992653059512611e-02	2.8343606096163627e-04	1.6781935646438133e-02	2.6443704233192683e-04	3.2255402139971790e-04	5.0811438560248327e-06	1.2827814204673937e-02	2.0214167381708874e-04	2.4657110684375721e-04	3.8844009015774522e-06	2.3009668814155825e-04	3.6258726424897171e-06	4.4226096173527209e-06	6.9672200582332095e-08
2.3000000000000000e-05	9.2639287315116492e-01	1.6705578464778745e-02	2.1201080514531151e-02	3.8216583426568205e-04	1.9502229830225804e-02	3.5168129167267642e-04	4.4628957029632974e-04	8.0446918923286302e-06	1.4116870085936511e-02	2.5458618995727404e-04	3.2308156318857978e-04	5.8241972213160704e-06	2.9740258900004085e-04	5.3633945338280956e-06	6.8059408805156461e-06	1.2269045558879460e-07
2.4999999999999998e-05	9.1666150303542970e-01	1.8563799423141087e-02	2.4612581734841456e-02	4.9816871757995987e-04	2.2296544711007331e-02	4.5153732219755180e-04	5.9860961986153986e-04	1.2116059564097126e-05	1.5193638803435385e-02	3.0772273482870853e-04	4.0796686679748991e-04	8.2581728012962242e-06	3.6992747861157603e-04	7.4922531898236664e-06	9.9320209252873724e-06	2.0104578902162045e-07
2.6999999999999999e-05	9.0702140987818514e-01	2.0281524871677534e-02	2.8213691450070886e-02	6.3040613926874012e-04	2.5133033315863459e-02	5.6198613220778649e-04	7.8168231864903458e-04	1.7465811532092336e-05	1.6022323418987443e-02	3.5831091181354565e-04	4.9841104901588286e-04	1.1137801590187887e-05	4.4454001252105239e-04	9.9412921578920513e-06	1.3826619844286708e-05	3.0897661635010996e-07
2.9000000000000000e-05	8.9759408773093519e-01	2.1819964057837201e-02	3.1992025091000652e-02	7.7694152988645943e-04	2.7980556276484929e-02	6.8018537973457346e-04	9.9710838440096117e-04	2.4215106197386132e-05	1.6577525080373749e-02	4.0304965874910355e-04	5.9089069769606472e-04	1.4352194491209243e-05	5.1761912875406956e-04	1.2584786784423752e-05	1.8446842644228570e-05	4.4805403109230838e-07
3.1000000000000001e-05	8.8848599262292993e-01	2.3145480496343036e-02	3.5936284191923303e-02	9.3495781248831733e-04	3.0808879462027792e-02	8.0257851584689826e-04	1.2458323131405852e-03	3.2412698590972675e-05	1.6844745382923802e-02	4.3889433926644442e-04	6.8136499554989171e-04	1.7730386498465656e-05	5.8531033491406297e-04	1.5250268803839316e-05	2.3670239943267822e-05	6.1593881043386718e-07
3.2999999999999996e-05	8.7978706984444499e-01	2.4230126355081205e-02	4.0036131834535194e-02	1.1008187744667164e-03	3.3588770989302276e-02	9.2505412416448276e-04	1.5280635959713084e-03	4.2014687854117701e-05	1.6820390509154515e-02	4.6335183296496315e-04	7.6551153613563596e-04	2.1052886270472644e-05	6.4381075939872129e-04	1.7734859882437874e-05	2.9291842041535085e-05	8.0556833158945792e-07
3.4999999999999997e-05	8.7156996478099602e-01	2.5052019648991355e-02	4.4281955491566556e-02	1.2701724662801434e-03	3.6292027749382755e-02	1.0431465646422147e-03	1.8432077524379036e-03	5.2869512622369302e-05	1.6511330771830798e-02	4.7472018217014088e-04	8.3899135277513341e-04	2.4071758152239418e-05	6.8965810260806875e-04	1.9828185009021453e-05	3.5030617861326062e-05	1.0050626740637465e-06
3.6999999999999998e-05	8.6388985198916901e-01	2.5595588478217499e-02	4.8664539643273899e-02	1.4380937961661281e-03	3.8891465188914981e-02	1.1522668556200213e-03	2.1898078652766162e-03	6.4710492625227742e-05	1.5934084646294290e-02	4.7224676888937980e-04	8.9772539077368689e-04	2.6537028332519423e-05	7.1999893991161882e-04	2.1338596543673330e-05	4.0545790365044854e-05	1.1985296265453109e-06
3.8999999999999999e-05	8.5678480243764632e-01	2.5851702392401706e-02	5.3174673825971588e-02	1.5992625158566651e-03	4.1360904363353303e-02	1.2479509617135008e-03	2.5654985331833137e-03	7.7157763488296422e-05	1.5113704402183431e-02	4.5618922791584935e-04	9.3816471368876587e-04	2.8226009804760052e-05	7.3281419086258239e-04	2.2118646893066441e-05	4.5462239995262175e-05	1.3677750411132164e-06
4.1000000000000000e-05	8.5027660236087577e-01	2.5817704209448549e-02	5.7802723540511601e-02	1.7481716383652215e-03	4.3675187533087398e-02	1.3261112778272484e-03	2.9669755334843124e-03	8.9730757723932599e-05	1.4082441903516275e-02	4.2777495439565090e-04	9.5753781676703937e-04	2.8971440500734072e-05	7.2708360061060498e-04	2.2085673496386888e-05	4.9403036904145153e-05	1.4947224842753436e-06
4.2999999999999995e-05	8.4437193742276506e-01	2.5497347873801021e-02	6.2538191956211228e-02	1.8793598876370348e-03	4.5810248243848335e-02	1.3832761929495328e-03	3.3899857618499476e-03	1.0187147239338911e-04	1.2878269360482215e-02	3.8906666844718192e-04	9.5406025864808966e-04	2.8684261841191150e-05	7.0287633803504306e-04	2.1234038725478472e-05	5.2026101453042859e-05	1.5641609108834027e-06
4.4999999999999996e-05	8.3906386099021368e-01	2.4900640740089443e-02	6.7369299828201140e-02	1.9876600504747668e-03	4.7743254455668113e-02	1.4168023508353874e-03	3.8293429406709954e-03	1.1297768596198154e-04	1.1543322344791135e-02	3.4275169365642529e-04	9.2709417388668245e-04	2.7367465416179114e-05	6.6136084302532408e-04	1.9636888984576067e-05	5.3061229319708641e-05	1.5663188032214333e-06
4.6999999999999997e-05	8.3433347334268992e-01	2.4043583284705582e-02	7.2282609674124698e-02	2.0684532005552816e-03	4.9452834457582001e-02	1.4250448209536628e-03	4.2789749286161133e-03	1.2244413140454302e-04	1.0122322822681567e-02	2.9188028322528801e-04	8.7724790815203258e-04	2.5118629062379877e-05	6.0473340741787676e-04	1.7437025762909343e-05	5.2343338574105753e-05	1.4987444898051574e-06
4.8999999999999998e-05	8.3015174782134127e-01	2.2947796559641007e-02	7.7262718114019691e-02	2.1179169157627430e-03	5.0919385673207272e-02	1.4074720685271654e-03	4.7320080332307335e-03	1.2970852249572301e-04	8.6610297891353012e-03	2.3958274193777303e-04	8.0640891016515396e-04	2.2120377000091784e-05	5.3607122976496470e-04	1.4828299387324640e-05	4.9837874239336398e-05	1.3670701424926756e-06
5.1000000000000000e-05	8.2648144878771246e-01	2.1640028129283017e-02	8.2292037367490523e-02	2.1332541114804241e-03	5.2125456711906916e-02	1.3647155052973891e-03	5.1808924106641011e-03	1.3429841417936114e-04	7.2047555213104100e-03	1.8879591959013810e-04	7.1770607109633740e-04	1.8619785794608475e-05	4.5912144835254801e-04	1.2030506214561622e-05	4.5654871078281548e-05	1.1844385473463535e-06
5.3000000000000001e-05	8.2327909376680808e-01	2.0151530726919890e-02	8.7350683171855806e-02	2.1128882898234420e-03	5.3056183870885024e-02	1.2985475056577107e-03	5.6175704143817924e-03	1.3587431170675361e-04	5.7969773836324505e-03	1.4202699726159057e-04	6.1540092125043021e-04	1.4899437618090499e-05	3.7804255850577438e-04	9.2618004486927695e-06	4.0049205728648556e-05	9.6963751421630884e-07
5.4999999999999995e-05	8.2049691769338584e-01	1.8517313974760842e-02	9.2416481768011746e-02	2.0566111568095036e-03	5.3699755474931971e-02	1.2117868883282103e-03	6.0336867287140213e-03	1.3426436269654051e-04	4.4780689997820792e-03	1.0117684717895867e-04	5.0471048830635912e-04	1.1244123084810682e-05	2.9711831535908864e-04	6.7129353599924683e-06	3.3405985204140386e-05	7.4425808388215390e-07
5.6999999999999996e-05	8.1808480061117950e-01	1.6775277449790210e-02	9.7465103070128567e-02	1.9656699028259188e-03	5.4047871649563622e-02	1.1081365938460457e-03	6.4208355202904259e-03	1.2948645703696052e-04	3.2841705586259110e-03	6.7437425750399276e-05	3.9156818226248285e-04	7.9079002918850016e-06	2.2046641012193825e-04	4.5271802690212681e-06	2.6211682454322936e-05	5.2940556016650456e-07
5.8999999999999998e-05	8.1599212173547431e-01	1.4965242167057547e-02	1.0247032075280238e-01	1.8427840648181060e-03	5.4096163960474612e-02	9.9196406729829011e-04	6.7708360054604608e-03	1.2175463030936266e-04	2.2462157923461464e-03	4.1268664559261684e-05	2.8233273436792410e-04	5.0861983167160901e-06	1.5176465447686371e-04	2.7886251981155073e-06	1.9013353218868778e-05	3.4259381863954601e-07
6.0999999999999999e-05	8.1416950303822244e-01	1.3127906139868696e-02	1.0740439294557939e-01	1.6920857214926554e-03	5.3844539244447133e-02	8.6804002359149967e-04	7.0760241978026234e-03	1.1146823308148158e-04	1.3891322259178250e-03	2.2451238994082095e-05	1.8345883420068474e-04	2.8969008433426760e-06	9.4015989643124421e-05	1.5200189339755139e-06	1.2369831710029608e-05	1.9541566914148693e-07
6.3000000000000000e-05	8.1257040522097512e-01	1.1303757063369385e-02	1.1223854985990089e-01	1.5189815791724786e-03	5.3297415080592533e-02	7.4125517512608314e-04	7.3295456385886245e-03	9.9184215283504868e-05	7.3123093234924320e-04	1.0203452687678909e-05	1.0114644393504824e-04	1.3729676565015799e-06	4.9370376509913860e-05	6.8960119396240066e-07	6.7999812474681343e-06	9.2411410566294317e-08
6.4999999999999994e-05	8.1115253896920458e-01	9.5319805141444152e-03	1.1694356747156429e-01	1.3299408993216321e-03	5.2463820572787485e-02	6.1633660181237813e-04	7.5256320695151237e-03	8.5574835220054811e-05	2.8380144584255274e-04	3.3441499584580670e-06	4.0988505999898043e-05	4.6736305875908462e-07	1.9016721524077493e-05	2.2491055583461435e-07	2.7336758372727532e-06	3.1293652633620075e-08
6.7000000000000002e-05	8.0987905557488760e-01	7.8494047635361518e-03	1.2149039993688482e-01	1.1322187025250170e-03	5.1357344966751602e-02	4.9758541784255910e-04	7.6598446274243918e-03	7.1374856905987585e-05	5.0925929398159708e-05	4.7967932822204134e-07	7.6385376270448902e-06	6.9148110027938647e-08	3.1518380962812579e-06	3.0545978496760558e-08	4.7108233288930460e-07	4.3923704468531133e-09
6.8999999999999997e-05	8.0871948408257988e-01	6.2895230564080570e-03	1.2585083837568969e-01	9.3352871010084616e-04	4.9995927328294838e-02	3.8865519306128908e-04	7.7292674077955497e-03	5.7323583336557213e-05	2.9523549796395539e-05	1.9179300858829215e-07	4.5200655650522988e-06	2.7871043196353615e-08	1.0265927965214417e-06	6.4906318960939937e-09	1.5496905745101941e-07	9.3083379053218734e-10
7.0999999999999991e-05	8.0765038754096741e-01	4.8816310090108693e-03	1.2999816061881278e-01	7.4168452519850919e-04	4.8401492042289919e-02	2.9238646698535517e-04	7.7326381323677895e-03	4.4107687741882673e-05	2.0963089528361486e-04	1.2049658187283979e-06	3.3598705592590133e-05	1.8214303522678882e-07	1.1062515968163081e-05	6.3894212276829377e-08	1.7592666100817504e-06	9.5901041550848193e-09
7.2999999999999999e-05	8.0665571891418719e-01	3.6501109261552942e-03	1.3390773597739178e-01	5.6423017309881250e-04	4.6599446109073878e-02	2.1070715553104578e-04	7.6704069210720869e-03	3.2310653744071383e-05	5.7491708221842227e-04	2.5156248513780763e-06	9.5234773681497588e-05	3.8772292309627069e-07	3.1025985025237994e-05	1.3604161027421899e-07	5.0951394948393792e-06	2.0799940334221160e-08
7.4999999999999993e-05	8.0572686757905232e-01	2.6138868847896193e-03	1.3755755132157629e-01	4.0808203156938744e-04	4.4618063987083262e-02	1.4460237585328881e-04	7.5447193691410520e-03	2.2373744564313708e-05	1.1034231535127809e-03	3.4716056936509670e-06	1.8812965069328586e-04	5.4064704537381061e-07	5.8242280236838837e-05	1.8339807835534642e-07	9.8336660859033700e-06	2.8305023329812691e-08
7.7000000000000001e-05	8.0486239962672557e-01	1.7860651306725558e-03	1.4092862975805187e-01	2.7920329735013313e-04	4.2487793090666755e-02	9.4150952619789229e-05	7.3593256916267931e-03	1.4571933712971214e-05	1.7685049936498733e-03	3.7970100762489705e-06	3.0937294503079687e-04	5.9188782399310228e-07	8.9828885369179034e-05	1.9285205972505617e-07	1.5542182409375400e-05	2.9762152316473678e-08
7.8999999999999996e-05	8.0406750862795406e-01	1.1737645547713446e-03	1.4400532066489893e-01	1.8232957316319969e-04	4.0240517320293594e-02	5.8620321277697498e-05	7.1194229948793068e-03	9.0063763524353729e-06	2.5399480450887988e-03	3.5646576362591650e-06	4.5459025405998659e-04	5.5153741888676867e-07	1.2292665453684330e-04	1.7232635194988578e-07	2.1729722248406832e-05	2.6369066045015074e-08
8.0999999999999990e-05	8.0335320711985125e-01	7.7813264562452504e-04	1.4677544918243191e-01	1.2076023032094351e-04	3.7908816868640782e-02	3.6607265034291677e-05	6.8314421882615358e-03	5.6130577435290443e-06	3.3852115523146159e-03	3.1246370769745613e-06	6.1818363771354800e-04	4.8232260282376512e-07	1.5490892054920079e-04	1.4260990187006953e-07	2.7896016157259590e-05	2.1745772495648593e-08
8.2999999999999998e-05	8.0273530172728946e-01	5.9453416655760427e-04	1.4923032363870550e-01	9.6225357409259341e-05	3.5525260097526740e-02	2.6209253041423351e-05	6.5027942109998809e-03	4.1854934306690468e-06	4.2707508908774918e-03	3.0023215149024568e-06	7.9364951750830152e-04	4.8404562075353432e-07	1.8355203722385919e-04	1.2848701723597662e-07	3.3578322105513353e-05	2.0433167911524532e-08
8.4999999999999993e-05	8.0223320545067411e-01	6.1289352845759961e-04	1.5136460983734346e-01	1.0883287248524256e-04	3.3121757971771110e-02	2.5210189552266764e-05	6.1415918622864316e-03	4.4079952792142421e-06	5.1633597164770645e-03	3.7820779570248983e-06	9.7395235130614557e-04	6.7200327560254854e-07	2.0715575459095601e-04	1.5102443384355654e-07	3.8390950162087373e-05	2.6413944363694086e-08
8.7000000000000001e-05	8.0186864827533322e-01	8.1816782476074100e-04	1.5317609066083934e-01	1.5709527790083993e-04	3.0729004108070692e-02	3.1265017743993693e-05	5.7563635494036879e-03	5.8951969755109121e-06	6.0314699877274149e-03	5.9935022371197305e-06	1.1519277798547234e-03	1.1533182720152113e-06	2.2460758738441375e-04	2.2232545334060262e-07	4.2053588842788093e-05	4.1999197214645876e-08
8.8999999999999995e-05	8.0166435117023926e-01	1.1909258830499344e-03	1.5466533715369982e-01	2.3803101905594387e-04	2.8376014863694069e-02	4.2069556217324274e-05	5.3557738768529777e-03	8.2332972805228733e-06	6.8463479148596846e-03	1.0015381401729281e-05	1.3206864984634525e-03	2.0052880779496192e-06	2.3539125191559434e-04	3.4333597748249545e-07	4.4406220830543672e-05	6.7288381303426649e-08
9.0999999999999989e-05	8.0164272835377870e-01	1.7080092869740451e-03	1.5583532246566734e-01	3.4733178347638732e-04	2.6089775009699587e-02	5.5504788096051691e-05	4.9483635191105626e-03	1.1018786935951044e-05	7.5831277881701119e-03	1.6009051703341416e-05	1.4739901443071646e-03	3.2593147343306746e-06	2.3954464204319087e-04	5.0456506899413634e-07	4.5410256675919147e-05	1.0024355639053923e-07
9.2999999999999997e-05	8.0182467838707372e-01	2.3432536832875901e-03	1.5669101236062058e-01	4.7958449452505689e-04	2.3894986289129068e-02	6.9748151398939064e-05	4.5423176763907088e-03	1.3891166632922605e-05	8.2216333281890062e-03	2.3887952442145945e-05	1.6065730074304495e-03	4.8928508252607837e-06	2.3757713415149749e-04	6.8901195338310606e-07	4.5137239180440886e-05	1.3726676665364789e-07
9.4999999999999992e-05	8.0222851655155192e-01	3.0682521573129661e-03	1.5723896535645676e-01	6.2853520412954795e-04	2.1813909262966554e-02	8.3347809559976998e-05	4.1452690549194900e-03	1.6557191332709002e-05	8.7469472355465594e-03	3.3324705785247189e-05	1.7143881096192213e-03	6.8303100595561845e-06	2.3035887306927452e-04	8.7626671057013166e-07	4.3747843462525911e-05	1.7406751434277981e-07
9.7000000000000000e-05	8.0286908974039539e-01	3.8531462710538326e-03	1.5748697218939664e-01	7.8738143029006007e-04	1.9866283773598874e-02	9.5259106100754448e-05	3.7641381447288736e-03	1.8805333185886321e-05	9.1497032929607289e-03	4.3791768657280452e-05	1.7947626653531494e-03	8.9523280942323008e-06	2.1899592245051407e-04	1.0467005758807617e-06	4.1464759897340434e-05	2.0657325703486953e-07
9.8999999999999994e-05	8.0375710165227920e-01	4.6674337462090047e-03	1.5744375868592747e-01	9.4907949769120229e-04	1.8069310330513184e-02	1.0484521947570393e-04	3.4050108987040153e-03	2.0510297815627894e-05	9.4260907823141803e-03	5.4627337025865282e-05	1.8464555019439917e-03	1.1111402268124140e-05	2.0470479801003544e-04	1.1848479027308164e-06	3.8543334595901719e-05	2.3166731969795176e-07
1.0100000000000000e-04	8.0489866147565448e-01	5.4807840851201946e-03	1.5711876895108554e-01	1.1066538840060682e-03	1.6437673728693154e-02	1.1184632078562419e-04	3.0730519347403414e-03	2.1628442176157265e-05	9.5775771221567399e-03	6.5115307971952007e-05	1.8696169539543558e-03	1.3151016480401040e-05	1.8869815334513412e-04	1.2814239464491947e-06	3.5243583044130623e-05	2.4761683509806746e-07
1.0300000000000000e-04	8.0629505458679285e-01	6.2638542093943206e-03	1.5652203780623136e-01	1.2534962479004658e-03	1.4983591029981513e-02	1.1632326263663864e-04	2.7724501504135120e-03	2.2185747019504813e-05	9.6103704903923032e-03	7.4567054319194277e-05	1.8656593464135894e-03	1.4925004982808933e-05	1.7209060213973400e-04	1.3338187293429998e-06	3.1806491952548367e-05	2.5415069651773223e-07
1.0499999999999999e-04	8.0794272008547485e-01	6.9890952868387661e-03	1.5566415339468015e-01	1.3836425932306699e-03	1.3716868313730791e-02	1.1858300469129526e-04	2.5063931071998514e-03	2.2260547782332027e-05	9.5346588281016494e-03	8.2393590837318925e-05	1.8370528030743245e-03	1.6314148350622067e-05	1.5583026087154610e-04	1.3452608463689118e-06	2.8436538041653843e-05	2.5223624436846258e-07
1.0700000000000000e-04	8.0983340814218718e-01	7.6315394443300525e-03	1.5455630350248875e-01	1.4920178811114373e-03	1.2644953900128000e-02	1.1909364343014897e-04	2.2770665762383928e-03	2.1963507947762796e-05	9.3636742075622892e-03	8.8159175939821191e-05	1.7870662482082056e-03	1.7237737316618216e-05	1.4065802723808353e-04	1.3230860354641990e-06	2.5291256907116351e-05	2.4366292716418958e-07
1.0899999999999999e-04	8.1195448080937194e-01	8.1695514472619746e-03	1.5321039296204758e-01	1.5746384030117951e-03	1.1772979614808620e-02	1.1839709176604290e-04	2.0856760577928220e-03	2.1417334666738283e-05	9.1126414393606150e-03	9.1611020194025516e-05	1.7194767610352807e-03	1.7658908828560819e-05	1.2709328700126149e-04	1.2766416627392852e-06	2.2477658886871500e-05	2.3056229994725933e-07
1.1100000000000000e-04	8.1428931360579249e-01	8.5855263146295355e-03	1.5163921489786084e-01	1.6287635028601817e-03	1.1103785675496027e-02	1.1702716728189553e-04	1.9324876945258146e-03	2.0738510801049577e-05	8.7976765138490266e-03	9.2683918544455849e-05	1.6382717108789171e-03	1.7583728261414356e-05	1.1544201326309543e-04	1.2153172912709091e-06	2.0054449573222117e-05	2.1497908706759628e-07
1.1300000000000000e-04	8.1681775204063733e-01	8.8665100164637047e-03	1.4985665573955620e-01	1.6529899321547231e-03	1.0637928585634653e-02	1.1544010317190401e-04	1.8168866109887923e-03	2.0022887548643117e-05	8.4347037092727464e-03	9.1482580702630895e-05	1.5473673377149144e-03	1.7055034498736606e-05	1.0582133940128319e-04	1.1470516092648286e-06	1.8038461455295015e-05	1.9856918510141721e-07
1.1499999999999999e-04	8.1951657732856964e-01	9.0047176671112939e-03	1.4787791290058105e-01	1.6472843548233777e-03	1.0373674748266165e-02	1.1396330006518696e-04	1.7374511807261707e-03	1.9336396655327069e-05	8.0384597812556066e-03	8.8247551341682890e-05	1.4503647912726481e-03	1.6142795267231384e-05	9.8193791085428162e-05	1.0774820148432084e-06	1.6413477982524471e-05	1.8245297810029452e-07
1.1700000000000000e-04	8.2235993873164226e-01	8.9979226742418362e-03	1.4571970468854167e-01	1.6129523246994940e-03	1.0306985191360439e-02	1.1276651305436181e-04	1.6920419496905322e-03	1.8711461378878774e-05	7.6216495175037789e-03	8.3312400083758987e-05	1.3503603815726330e-03	1.4933030077831089e-05	9.2404478323074161e-05	1.0097296248926810e-06	1.5139717608247043e-05	1.6721059233272143e-07
1.1899999999999999e-04	8.2531971601522958e-01	8.8496915975693428e-03	1.4340045414170208e-01	1.5525453638147346e-03	1.0431498739436938e-02	1.1185767423383148e-04	1.6779038863438422e-03	1.8148980565400768e-05	7.1943091318963188e-03	7.7060082438516230e-05	1.2498213158654136e-03	1.3517233094683874e-05	8.8215585523707422e-05	9.4468926015370920e-07	1.4162583938796223e-05	1.5297908301655279e-07
1.2100000000000000e-04	8.2836578411899486e-01	8.5694431775853643e-03	1.4094043175372223e-01	1.4697113796743020e-03	1.0738522171133866e-02	1.1110329223974503e-04	1.6917802936435924e-03	1.7625105088626398e-05	6.7634226078209202e-03	6.9885085085135592e-05	1.1505319791562235e-03	1.1983745622651102e-05	8.5334261879390901e-05	8.8163779454780600e-07	1.3419787913113897e-05	1.3960264213260127e-07
1.2299999999999998e-04	8.3146616296105302e-01	8.1723159402475910e-03	1.3836184607448046e-01	1.3689972751157276e-03	1.1217036427820216e-02	1.1027100333497706e-04	1.7300361600820265e-03	1.7101493077924385e-05	6.3328214163282225e-03	6.2165522254988820e-05	1.0536093944515982e-03	1.0411834791705172e-05	8.3432224400479342e-05	8.1897807652740125e-07	1.2846502102771799e-05	1.2679237867533718e-07
1.2500000000000000e-04	8.3458704788676297e-01	7.6788364816050567e-03	1.3568887554869571e-01	1.2556158609332627e-03	1.1853727888584794e-02	1.0908957352652035e-04	1.7887880337796476e-03	1.6537381182555637e-05	5.9033804200919445e-03	5.4246326405045640e-05	9.5958043724799315e-04	8.8685116807201998e-06	8.2157698288661275e-05	7.5497535292513121e-07	1.2378710598871457e-05	1.1426526055475534e-07
1.2700000000000000e-04	8.3769273011094114e-01	7.1143892654780628e-03	1.3294763926677777e-01	1.1351917055291794e-03	1.2633053229207231e-02	1.0731969225033042e-04	1.8640367827480564e-03	1.5901684090606078e-05	5.4735028357175922e-03	4.6431780257486039e-05	8.6850822570806935e-04	7.4075389968320254e-06	8.1142363508488830e-05	6.8838940132064521e-07	1.1955283928916983e-05	1.0184545543964037e-07
1.2899999999999999e-04	8.4074543089443432e-01	6.5084976966628934e-03	1.3016610817727461e-01	1.0135020258403608e-03	1.3537345563513511e-02	1.0482747632623719e-04	1.9517989680792078e-03	1.5183445392200638e-05	5.0398657518960829e-03	3.8983552817994333e-05	7.8015135148827065e-04	6.0697567348300913e-06	8.0007399252733096e-05	6.1893639434070249e-07	1.1519482781876653e-05	8.9521107142295013e-08
1.3099999999999999e-04	8.4370508724849802e-01	5.8939345686572064e-03	1.2737396143758831e-01	8.9622892458672478e-04	1.4546968525850018e-02	1.0165190547860249e-04	2.0482321080305239e-03	1.4399288707678453e-05	4.5983761023492501e-03	3.2119642882051456e-05	6.9413762997590667e-04	4.8838396853785818e-06	7.8373235141960865e-05	5.4752415134633842e-07	1.1020563652744746e-05	7.7454760509245066e-08
1.3300000000000001e-04	8.4652913955263187e-01	5.3056871139910231e-03	1.2460239475082059e-01	7.8873813828183833e-04	1.5640523745985086e-02	9.8057563452956669e-05	2.1497489320000344e-03	1.3597006677203123e-05	4.1452667114146718e-03	2.6010416067000626e-05	6.1013403849405237e-04	3.8668567226089774e-06	7.5877067087756647e-05	4.7620521640541957e-07	1.0415952653470144e-05	6.5948499733503705e-08
1.3500000000000000e-04	8.4917238128512162e-01	4.7798074730977247e-03	1.2188388867464392e-01	6.9589706044049496e-04	1.6795115780310912e-02	9.4565105518686182e-05	2.2531158678117829e-03	1.2855000919666566e-05	3.6782448731438543e-03	2.0770091354269153e-05	5.2799646969940511e-04	3.0244243098814333e-06	7.2200582006686572e-05	4.0780802395016665e-07	9.6741347818061697e-06	5.5368811004664842e-08
1.3700000000000000e-04	8.5158693667895791e-01	4.3521834296490454e-03	1.1925194506606575e-01	6.2194136645266735e-04	1.7986676914259647e-02	9.1953766366851102e-05	2.3555314950258581e-03	1.2277860498056214e-05	3.1975938262010332e-03	1.6445069490859013e-05	4.4788660981652089e-04	2.3506955721522472e-06	6.7107858375336244e-05	3.4525987948219965e-07	8.7780599335855226e-06	4.6043451397297269e-08
1.3899999999999999e-04	8.5372243216520949e-01	4.0572670021376787e-03	1.1674079926622909e-01	5.7039541562043435e-04	1.9190352203100471e-02	9.1232824497188754e-05	2.4546815211731292e-03	1.1988854440941221e-05	2.7071222972696097e-03	1.3003599501638496e-05	3.7034817983122147e-04	1.8287657223044034e-06	6.0490458561286896e-05	2.9071353225399235e-07	7.7285804896349146e-06	3.8152680172529793e-08
1.4099999999999998e-04	8.5552642086067598e-01	3.9268003674534082e-03	1.1438511467697123e-01	5.4404712282910949e-04	2.0380942513499235e-02	9.3582033197277527e-05	2.5487679591263265e-03	1.2120446920668722e-05	2.2148605085264218e-03	1.0333538130250070e-05	2.9634028508888021e-04	1.4322097672483860e-06	5.2413841497438254e-05	2.4471323902708909e-07	6.5472763568853012e-06	3.1646716839331288e-08
1.4300000000000001e-04	8.5694510551510972e-01	3.9885800630227557e-03	1.1221966544945726e-01	5.4497356625276259e-04	2.1533400041426211e-02	1.0026433496855868e-04	2.6365115415821539e-03	1.2804081235243462e-05	1.7334135579875015e-03	8.2555530617655383e-06	2.2723092934119225e-04	1.1283685663300068e-06	4.3157004910687478e-05	2.0574252424063718e-07	5.2780251268242520e-06	2.6225423349240658e-08
1.4500000000000000e-04	8.5792438439792973e-01	4.2653017429423751e-03	1.1027901250066900e-01	5.7460958646417173e-04	2.2623366786914546e-02	1.1251737547472302e-04	2.7171279236428390e-03	1.4160414422449457e-05	1.2799048938014806e-03	6.5575445430314044e-06	1.6475809048375188e-04	8.8370081369471545e-07	3.3236275234903145e-05	1.7052708533952391e-07	3.9868286207542258e-06	2.1410953688618927e-08
1.4700000000000000e-04	8.5841121758533045e-01	4.7735289148416477e-03	1.0859717830656057e-01	6.3384833852593841e-04	2.3627741897155944e-02	1.3143308770215318e-04	2.7902798019810784e-03	1.6290946115290030e-05	8.7547269643586955e-04	5.0522736710499298e-06	1.1096848207517992e-04	6.7110734694729389e-07	2.3404795492579762e-05	1.3537329943090438e-07	2.7596652021594364e-06	1.6728260660271261e-08
1.4899999999999999e-04	8.5835527991560434e-01	5.5228296470964215e-03	1.0720732702605215e-01	7.2316041699879371e-04	2.4525258981123971e-02	1.5783660128138439e-04	2.8560086106357691e-03	1.9271629608372195e-05	5.4431828216771694e-04	3.6546964740019355e-06	6.8144835980330171e-05	4.7871467255831005e-07	1.4621641133278115e-05	9.8588349372278846e-08	1.6984285059940606e-06	1.1984312882322658e-08
1.5099999999999998e-04	8.5771083421592487e-01	6.5151244595951100e-03	1.0614145839117052e-01	8.4271694918431987e-04	2.5297049986131158e-02	1.9217666453489847e-04	2.9146508196795451e-03	2.3148654346054702e-05	3.1234514294973132e-04	2.4693182327644916e-06	3.8731162908214512e-05	3.1926516595885666e-07	7.9884128017453049e-06	6.3683876104272737e-08	9.1526350458475122e-07	7.6099917478130137e-09
1.5300000000000001e-04	8.5643872751650485e-01	7.7442855461021731e-03	1.0543012611379979e-01	9.9250203814617213e-04	2.5927168693112533e-02	2.3443944884624492e-04	2.9667449391110059e-03	2.7936225489044857e-05	2.0546628393720257e-04	1.8723435534155984e-06	2.5262262966933707e-05	2.3904920408683028e-07	4.6560750768142739e-06	4.2693844468058623e-08	5.2576499418014895e-07	5.0053079029691819e-09
1.5500000000000000e-04	8.5450838729200040e-01	9.1960212002632231e-03	1.0510219375785811e-01	1.1724011521202114e-03	2.6403045064104413e-02	2.8409595892080040e-04	3.0129359972230047e-03	3.3615905611461400e-05	2.4769219929159374e-04	2.5699183991493354e-06	3.0299377532247424e-05	3.2522765427628750e-07	5.7099383631826013e-06	5.8655114134566081e-08	6.4154136412803203e-07	6.8141765246250153e-09
1.5699999999999999e-04	8.5189967749751783e-01	1.0848069200762304e-02	1.0518464243165118e-01	1.3822544329342864e-03	2.6715842203936718e-02	3.4009037541327483e-04	3.0538844230784965e-03	4.0136970225949159e-05	4.5913844170408026e-04	5.6135198729405714e-06	5.6369140217754795e-05	7.1039315769064352e-07	1.2045107577194148e-05	1.4622237904977938e-07	1.3625870386819207e-06	1.7052529891087464e-08
1.5899999999999999e-04	8.4860446782086218e-01	1.2670708861448480e-02	1.0570244458762786e-01	1.6218672675249372e-03	2.6860690985273168e-02	4.0087275633780405e-04	3.0901858605761091e-03	4.7417274940688648e-05	8.5410727397426688e-04	1.2357203595528120e-05	1.0589883718162896e-04	1.5732580220618383e-06	2.4247594227178250e-05	3.4959424525873076e-07	2.7698005942953654e-06	4.1023565387359722e-08
1.6099999999999998e-04	8.4462777564864699e-01	1.4627584076854140e-02	1.0667851612214406e-01	1.8909745648184003e-03	2.6836783483550421e-02	4.6447503036336709e-04	3.1223074803562421e-03	5.5344315283756219e-05	1.4394003975275406e-03	2.4348893419589254e-05	1.8113829966807514e-04	3.1344111302488599e-06	4.2496987763774129e-05	7.1741777712926116e-07	4.9178952780857993e-06	8.4975415203222462e-08
1.6300000000000000e-04	8.3998835897697566e-01	1.6676810332942948e-02	1.0813375454066039e-01	2.1891596424150304e-03	2.6647314909342159e-02	5.2862465842830179e-04	3.1505449095782291e-03	6.3776428376358265e-05	2.2130086190243533e-03	4.3158320728313092e-05	2.8405818336504782e-04	5.6461791018566304e-06	6.6504852246961220e-05	1.2950314197205970e-06	7.8289273529667295e-06	1.5548803817648998e-07
1.6500000000000000e-04	8.3471866879935930e-01	1.8772319260320240e-02	1.1008716422130241e-01	2.5157330274611796e-03	2.6299273938742217e-02	5.9088629868010495e-04	3.1750021122699881e-03	7.2544367850424846e-05	3.1633003408280420e-03	7.0156008491985527e-05	4.1621626833526093e-04	9.3758325434767797e-06	9.5499026167822847e-05	2.1151430978565839e-06	1.1486738328967929e-05	2.5861621675993123e-07
1.6699999999999999e-04	8.2886410907658381e-01	2.0865377183444674e-02	1.1255606116382059e-01	2.8695803762148826e-03	2.5803092145486862e-02	6.4881881996071186e-04	3.1955946227959190e-03	8.1453705818569546e-05	4.2687960510292564e-03	1.0626880214804754e-04	5.7858767945327412e-04	1.4581802510193259e-05	1.2825832865420161e-04	3.1886275354457251e-06	1.5832752564675667e-05	3.9886197461270464e-07
1.6899999999999999e-04	8.2248159799836495e-01	2.2906201545148826e-02	1.1555633978170993e-01	3.2489917347872815e-03	2.5172173397910069e-02	7.0013347268319199e-04	3.2120746860323352e-03	9.0288617913810953e-05	5.4985736885434355e-03	1.5174572339894457e-04	7.7136113690980741e-04	2.1483311358756649e-05	1.6319568226756101e-04	4.4973875472305287e-06	2.0763737445411571e-05	5.7809797390503689e-07
1.7099999999999998e-04	8.1563747209333737e-01	2.4845592916372030e-02	1.1910277427136884e-01	3.6514862397922340e-03	2.4422332406520818e-02	7.4283913690312818e-04	3.2240753029955742e-03	9.8817555897062580e-05	6.8133036594742900e-03	2.0597151439872351e-04	9.9371073870753272e-04	3.0224911126478644e-05	1.9848135391205553e-04	5.9910513593370780e-06	2.6132242507515408e-05	7.9460532235709608e-07
1.7300000000000000e-04	8.0840482092075250e-01	2.6636501603902237e-02	1.2320931800510516e-01	4.0736470063700136e-03	2.3571177129714321e-02	7.7536227559117708e-04	3.2311690843755676e-03	1.0680110745249372e-04	8.1668663716114691e-03	2.6736297821687560e-04	1.2435603846081774e-03	4.0838790826900030e-05	2.3219284727292119e-04	7.5886711185275121e-06	3.1750410027406172e-05	1.0424130492366176e-06
1.7500000000000000e-04	8.0086038096858492e-01	2.8235456677816503e-02	1.2788935738671112e-01	4.5109804789331036e-03	2.2637471876704830e-02	7.9663224298803066e-04	3.2329372630493531e-03	1.1400201782415837e-04	9.5084631852627877e-03	3.3337488801656235e-04	1.5173647318450514e-03	5.3209163534581159e-05	2.6247469922689162e-04	9.1856593367015820e-06	3.7397640617408331e-05	1.3111195436708419e-06
1.7699999999999999e-04	7.9308115000713253e-01	2.9603800481308600e-02	1.3315587270601165e-01	4.9578132025238772e-03	2.1640516553354104e-02	8.0612647193957021e-04	3.2290442032728872e-03	1.2019696063694553e-04	1.0785096799160549e-02	4.0062867367800513e-04	1.8099355422994449e-03	6.7044262523028317e-05	2.8769046145647742e-04	1.0665151775842122e-05	4.2832193888262934e-05	1.5863290332642026e-06
1.7899999999999999e-04	7.8514090537650161e-01	3.0708691298898423e-02	1.3902145854021702e-01	5.4072371883085247e-03	2.0599572899341206e-02	8.0387423858308492e-04	3.2193131712668637e-03	1.2518926458501579e-04	1.1944271599703326e-02	4.6516012170862338e-04	2.1143446217858157e-03	8.1862088196984177e-05	3.0655053786244870e-04	1.1912057908737108e-05	4.7806247569179508e-05	1.8507475580797029e-06
1.8099999999999998e-04	7.7710682032906131e-01	3.1523858102882073e-02	1.4549816069223684e-01	5.8511131795340272e-03	1.9533361471472548e-02	7.9042163561135091e-04	3.2037998308257236e-03	1.2882149468346232e-04	1.2936749741647666e-02	5.2276447935403259e-04	2.4219336939338963e-03	9.6995700029918922e-05	3.1820299720285177e-04	1.2827471697817119e-05	5.2083316254960292e-05	2.0858635667332243e-06
1.8300000000000000e-04	7.6903637130707569e-01	3.2030111186596738e-02	1.5259709571529087e-01	6.2801394559656477e-03	1.8459644509367483e-02	7.6676363346712452e-04	3.1828606919913696e-03	1.3098660302398408e-04	1.3719195103700978e-02	5.6940148606877549e-04	2.7224572131826020e-03	1.1162230501551291e-04	3.2227941120257489e-04	1.3341005461719513e-05	5.5456361593789320e-05	2.2740109900532953e-06
1.8500000000000000e-04	7.6097471637156722e-01	3.2215628294505833e-02	1.6032783258784672e-01	6.6839924321585040e-03	1.7394900763239997e-02	7.3425138848002929e-04	3.1572143663329386e-03	1.3163633526110138e-04	1.4256544369329244e-02	6.0161164930153262e-04	3.0043763271338062e-03	1.2481763026187364e-04	3.1889343751680539e-04	1.3419003583430048e-05	5.7764535348045311e-05	2.4005081277545468e-06
1.8699999999999999e-04	7.5295270194335151e-01	3.2076045564563942e-02	1.6869753356229472e-01	7.0515440485125411e-03	1.6354089922614744e-02	6.9448416507982079e-04	3.1279938062508646e-03	1.3078571482070340e-04	1.4523961298701005e-02	6.1689058843214051e-04	3.2553112708937539e-03	1.3563332337678707e-04	3.0859548601650509e-04	1.3067397106549031e-05	5.8906393338854029e-05	2.4555146401653974e-06
1.8899999999999999e-04	7.4498562298911597e-01	3.1614385279838439e-02	1.7770987175664843e-01	7.3711594282057915e-03	1.5350497352122747e-02	6.4919543570042678e-04	3.0967876400261165e-03	1.2851271869358412e-04	1.4508255346670083e-02	6.1397153198435852e-04	3.4626460242671076e-03	1.4319091386553640e-04	2.9229165483036151e-04	1.2328987434902585e-05	5.8847668043999535e-05	2.4352725463321203e-06
1.9099999999999998e-04	7.3707282244397521e-01	3.0840848414066351e-02	1.8736376548817138e-01	7.6310759244707172e-03	1.4395645054382242e-02	6.0014208252352600e-04	3.0656682672149838e-03	1.2495268543305182e-04	1.4208677475112791e-02	5.9297688156765194e-04	3.6142639675479250e-03	1.4678192041380934e-04	2.7113863387308806e-04	1.1275964731141373e-05	5.7622297683851254e-05	2.3424988264508627e-06
1.9300000000000000e-04	7.2919817083164473e-01	2.9772490796707365e-02	1.9765199212229045e-01	7.8198609404628618e-03	1.3499252471589208e-02	5.4900438032760379e-04	3.0372036609586542e-03	1.2028752707602861e-04	1.3637042524365969e-02	5.5541671926235517e-04	3.6993776690079140e-03	1.4596082744210091e-04	2.4642809530569094e-04	9.9992546301845474e-06	5.5326319966677006e-05	2.1858589563198637e-06
1.9500000000000000e-04	7.2133141870914086e-01	2.8432789919565320e-02	2.0855976548235899e-01	7.9269403580430244e-03	1.2669230916774290e-02	4.9730281719578611e-04	3.0144490372919068e-03	1.1473041265562891e-04	1.2817167004714067e-02	5.0403275373767911e-04	3.7094011909533878e-03	1.4061663802371959e-04	2.1947410725521856e-04	8.5966917210733007e-06	5.2105324991611554e-05	1.9786355710826246e-06
1.9699999999999999e-04	7.1343036491911360e-01	2.6851097972407031e-02	2.2006337854780375e-01	7.9431819920951826e-03	1.1911697802091756e-02	4.4633599467500297e-04	3.0009139639037637e-03	1.0850720076118647e-04	1.1783651728651468e-02	4.4250733274920354e-04	3.6388009510718452e-03	1.3101005404911860e-04	1.9151543739162491e-04	7.1619854534832643e-06	4.8137249983842800e-05	1.7368677912490190e-06
1.9899999999999999e-04	7.0544373514756364e-01	2.5061968597462028e-02	2.3212902505872240e-01	7.8615096001208567e-03	1.1231000862874572e-02	3.9714196833701382e-04	3.0005003823154234e-03	1.0183645651854580e-04	1.0580078293780888e-02	3.7507550715297472e-04	3.4858528422659152e-03	1.1776715696932056e-04	1.6364157960156551e-04	5.7760253102282626e-06	4.3613189633145176e-05	1.4773313646111998e-06
2.0099999999999998e-04	6.9731462072890782e-01	2.3104342446017990e-02	2.4471191762989244e-01	7.6775135573009610e-03	1.0629747541136597e-02	3.5048352239631936e-04	3.0174076687016853e-03	9.4910313781825987e-05	9.2567248550575517e-03	3.0609083656174194e-04	3.2532305491453002e-03	1.0182639647241482e-04	1.3674741932549682e-04	4.5014042284195967e-06	3.8719399517225590e-05	1.2157315490510185e-06
2.0300000000000000e-04	6.8898429003307593e-01	2.1020581167302682e-02	2.5775581429996963e-01	7.3900157532101520e-03	1.0108839779868669e-02	3.0685607458429137e-04	3.0560024336261831e-03	8.7878646973841581e-05	7.8679375639504057e-03	2.3960071457263321e-04	2.9483540814688024e-03	8.4342892763167415e-05	1.1151722316619746e-04	3.3803033827652645e-06	3.3623642271630309e-05	9.6538980545184324e-07
