9.9999999999999995e-07	9.9941459624653539e-01	1.4620067777926604e-04	1.4648272582333134e-04	2.1428417578370411e-08	1.4637620284906275e-04	2.1412835217272357e-08	2.1454144433480404e-08	3.1384476431252079e-12	1.4621560409967471e-04	2.1389341813224914e-08	2.1430605821787774e-08	3.1350042657364305e-12	2.1415021816302321e-08	3.1327246110204880e-12	3.1387682050924822e-12	4.5915882152558557e-16
3.0000000000000001e-06	9.9764353290377283e-01	5.8743698721476164e-04	5.9137125369851384e-04	3.4821379118825631e-07	5.8995802209685908e-04	3.4738175577322423e-07	3.4970827151221596e-07	2.0591674337467700e-10	5.8561644429536196e-04	3.4482534595863271e-07	3.4713474913521873e-07	2.0440140123948173e-10	3.4630537551548740e-07	2.0391311026409160e-10	2.0527876913879387e-10	1.2087314232705186e-13
4.9999999999999996e-06	9.9468717172151178e-01	1.3203557660184536e-03	1.3397842311405777e-03	1.7784375987725013e-06	1.3328684384460267e-03	1.7692602793189570e-06	1.7952937133954621e-06	2.3830835755787616e-09	1.3092118104645130e-03	1.7378588119797396e-06	1.7634303203261619e-06	2.3407886323538148e-09	1.7543329865465403e-06	2.3287163866067976e-09	2.3629813809068840e-09	3.1366364824125147e-12
6.9999999999999999e-06	9.9057572962897389e-01	2.3319815034455356e-03	2.3928240919086127e-03	5.6330819087621208e-06	2.3711794571538210e-03	5.5821541237076039e-06	5.7277907310659661e-06	1.3484114046901133e-08	2.2948503123377284e-03	5.4024679474497832e-06	5.5434175712571732e-06	1.3050083942360165e-08	5.4933266223391314e-06	1.2932224611043134e-08	1.3269613766631774e-08	3.1238773503632647e-11
9.0000000000000002e-06	9.8536783249276128e-01	3.6002267969272627e-03	3.7477781553192130e-03	1.3693050002282209e-05	3.6951443024966957e-03	1.3500903627156497e-05	1.4054195724461159e-05	5.1349033211313637e-08	3.5082538794100897e-03	1.2818096110774209e-05	1.3343410755174824e-05	4.8752198292726244e-08	1.3156324488894429e-05	4.8069216060169556e-08	5.0039103102006793e-08	1.8282552074622525e-10
1.1000000000000000e-05	9.7914793045636939e-01	5.0948004501122687e-03	5.3984862619397105e-03	2.8089253133804890e-05	5.2896496148501400e-03	2.7523628105813153e-05	2.9164110307815901e-05	1.5174585366879586e-07	4.9047181404502944e-03	2.5520844979661690e-05	2.7041978354080432e-05	1.4070475596675039e-07	2.6498077012977578e-05	1.3787808960057668e-07	1.4609552056795102e-07	7.6016369389272105e-10
1.2999999999999999e-05	9.7202274909123521e-01	6.7784440415247357e-03	7.3358456024124087e-03	5.1154518484477213e-05	7.1348483286156573e-03	4.9755164140043815e-05	5.3846198271853314e-05	3.7548163659321426e-07	6.4313559960935155e-03	4.4849750026473231e-05	4.8537524395598809e-05	3.3846621772043760e-07	4.7211810545989952e-05	3.2923648610231212e-07	3.5630529359283049e-07	2.4846190551564365e-09
1.4999999999999999e-05	9.6411700105915576e-01	8.6084084911050018e-03	9.5484132605863220e-03	8.5249255340619969e-05	9.2069217050952546e-03	8.2206715198438591e-05	9.1182189622347076e-05	8.1408384155702528e-07	8.0297276242745838e-03	7.1696913342154429e-05	7.9525153207655392e-05	7.1001972334708398e-07	7.6692427589161889e-05	6.8478121024709213e-07	7.5953936143690007e-07	6.7813459495464320e-09
1.7000000000000000e-05	9.5556861344230137e-01	1.0538072548673803e-02	1.2023060912498390e-02	1.3257457194374710e-04	1.1478912445980236e-02	1.2659006131096942e-04	1.4442568570369684e-04	1.5925358117578825e-06	9.6386814044105845e-03	1.0629850139772952e-04	1.2127585521734360e-04	1.3373027141477808e-06	1.1581426127304108e-04	1.2772358228981081e-06	1.4571668517076288e-06	1.6068088682461057e-08
1.8999999999999998e-05	9.4652373524323030e-01	1.2518605509462285e-02	1.4745634429427336e-02	1.9498681048615615e-04	1.3921570277086820e-02	1.8412468241930715e-04	2.1687309551028208e-04	2.8677866382606620e-06	1.1197226995170648e-02	1.4809830149019814e-04	1.7444068978843494e-04	2.3067721039311245e-06	1.6474989413336121e-04	2.1790341481448727e-06	2.5665395032520594e-06	3.3939402317291209e-08
2.0999999999999999e-05	9.3713177897038946e-01	1.4500585798330074e-02	1.7701573615895576e-02	2.7382643060897227e-04	1.6504156467890871e-02	2.5537434668103062e-04	3.1173330991714801e-04	4.8222068266862180e-06	1.2647272991147245e-02	1.9570561663925044e-04	2.3889984416525245e-04	3.6957350135128906e-06	2.2285178092962005e-04	3.4484305967912773e-06	4.2093374627964941e-06	6.5117506956477382e-08
2.3000000000000000e-05	9.2754072278245936e-01	1.6435503277150102e-02	2.0876453311703191e-02	3.6977215697762766e-04	1.9195163416248589e-02	3.4012653861875908e-04	4.3200140875508577e-04	7.6517622515001786e-06	1.3936084721382091e-02	2.4695637830963703e-04	3.1367172993386646e-04	5.5562558923404583e-06	2.8861126690803813e-04	5.1143604276934881e-06	6.4955733288647918e-06	1.1505965370725953e-07
2.4999999999999998e-05	9.1789285976391455e-01	1.8277093489479326e-02	2.4256415636810320e-02	4.8272873379125235e-04	2.1962918240886083e-02	4.3732409148473803e-04	5.8034007412826986e-04	1.1549349256790078e-05	1.5018349381096738e-02	2.9907244692308665e-04	3.9689133836697194e-04	7.8992722960775334e-06	3.5970108964199763e-04	7.1629847550078864e-06	9.5049325835190376e-06	1.8917458567594230e-07
2.6999999999999999e-05	9.0832113358317446e-01	1.9982473635697707e-02	2.7828473161557322e-02	6.1175391634470339e-04	2.4776053672223498e-02	5.4505407922441989e-04	7.5897074842339789e-04	1.6684391845241308e-05	1.5857771925661179e-02	3.4890115901903832e-04	4.8586067252486459e-04	1.0681920964821076e-05	4.3309868139543913e-04	9.5289391569198512e-06	1.3267813903781144e-05	2.9169888322688833e-07
2.9000000000000000e-05	8.9894615006491518e-01	2.1513070171656101e-02	3.1580673173297449e-02	7.5502781799475734e-04	2.7603843847969954e-02	6.6059485717049032e-04	9.6957519450324497e-04	2.3180376051335157e-05	1.6428162208409876e-02	3.9320700147936770e-04	5.7716791298581863e-04	1.3800887859781008e-05	5.0527954342717899e-04	1.2093741112073758e-05	1.7748805277829889e-05	4.2439589018290759e-07
3.1000000000000001e-05	8.8987390654039888e-01	2.2835344411802783e-02	3.5502123072631980e-02	9.0986563417197225e-04	3.0416415559870635e-02	7.8051841053476624e-04	1.2132071914256895e-03	3.1092430767675931e-05	1.6714008421129866e-02	4.2898108235542380e-04	6.6686662223355440e-04	1.7093853255100646e-05	5.7246342811890930e-04	1.4692681476078423e-05	2.2835324528816168e-05	5.8533529867653206e-07
3.2999999999999996e-05	8.8119423871602320e-01	2.3921334037029944e-02	3.9582885595720811e-02	1.0727731521350693e-03	3.3184856050309276e-02	9.0084201113657496e-04	1.4902137484245942e-03	4.0387318510063266e-05	1.6710561492407940e-02	4.5373243441163637e-04	7.5070212795408646e-04	2.0349915280664378e-05	6.3089155158841499e-04	1.7130034372533361e-05	2.8333755125825094e-05	7.6805957074376183e-07
3.4999999999999997e-05	8.7297995054922284e-01	2.4749034449560781e-02	4.3813759619919436e-02	1.2395432617439569e-03	3.5881245983151233e-02	1.0172206006808615e-03	1.8001654664011595e-03	5.0928247219623846e-05	1.6423478127063299e-02	4.6572809487814294e-04	8.2436942549793597e-04	2.3328437121921333e-05	6.7711079831612997e-04	1.9200855017701465e-05	3.3974662430142753e-05	9.6142177575814396e-07
3.6999999999999998e-05	8.6528656737814758e-01	2.5302644768561963e-02	4.8185967616897342e-02	1.4053907485278880e-03	3.8478650428979841e-02	1.1251692424792948e-03	2.1417964550320451e-03	6.2466738595562323e-05	1.5868085959881914e-02	4.6415573853027557e-04	8.8378550294144576e-04	2.5784318393010208e-05	7.0824084874743123e-04	2.0716305376220170e-05	3.9427667482455125e-05	1.1502814273483949e-06
3.8999999999999999e-05	8.5815263637091499e-01	2.5572699852156412e-02	5.2690774420770282e-02	1.5651217718085852e-03	4.0951101627843454e-02	1.2203033302789106e-03	2.5129553849299996e-03	7.4643381772120993e-05	1.5068342993045351e-02	4.4919234303331541e-04	9.2535878101272469e-04	2.7496490336990319e-05	7.2220214524916569e-04	2.1528622635620397e-05	4.4325400886639673e-05	1.3170833275749177e-06
4.1000000000000000e-05	8.5160049042251362e-01	2.5556103429601764e-02	5.7319064060825042e-02	1.7133334158610689e-03	4.3273605167875900e-02	1.2985829756998052e-03	2.9105706213416477e-03	8.6998666575213601e-05	1.4055565876343769e-02	4.2197360603417425e-04	9.4623915569764410e-04	2.8295691551033235e-05	7.1788626790238413e-04	2.1551701415096477e-05	4.8294790242110236e-05	1.4441505203802182e-06
4.2999999999999995e-05	8.4563739049968589e-01	2.5256069796865881e-02	6.2060902209045067e-02	1.8446374213774873e-03	4.5422196448334888e-02	1.3565471590544643e-03	3.3306337158688845e-03	9.8994248150636264e-05	1.2866998900032190e-02	3.8447019493505360e-04	9.4453368809828040e-04	2.8087438132752355e-05	6.9525520957997651e-04	2.0773844988962186e-05	5.0992886004081519e-05	1.5163398468921666e-06
4.4999999999999996e-05	8.4025696534142891e-01	2.4681974109381610e-02	6.6905111543668502e-02	1.9539006258728728e-03	4.7374067385510137e-02	1.3915229543949822e-03	3.7682065792889931e-03	1.1004398900848171e-04	1.1544289263635793e-02	3.3928705854890972e-04	9.1947507848943023e-04	2.6866606285540625e-05	6.5536178972002497e-04	1.9260462103684187e-05	5.2143629288743495e-05	1.5235833745381475e-06
4.6999999999999997e-05	8.3544087449938442e-01	2.3849105420334884e-02	7.1838886206995925e-02	2.0364928471451383e-03	4.9107774841515628e-02	1.4017956239086211e-03	4.2174581856999228e-03	1.1955303108647043e-04	1.0131925766889940e-02	2.8940985914860005e-04	8.7153251604808258e-04	2.4721139178690971e-05	6.0028960621275052e-04	1.7146129469792439e-05	5.1571518857277467e-05	1.4628081248203974e-06
4.8999999999999998e-05	8.3116062920281231e-01	2.2778313227299399e-02	7.6847469632708956e-02	2.0885311243656608e-03	5.0603532831692603e-02	1.3867268263194200e-03	4.6717364659008241e-03	1.2696207775937307e-04	8.6756889343285199e-03	2.3792732263370583e-04	8.0245720594029717e-04	2.1823919088955436e-05	5.3301709183726858e-04	1.4617207408988651e-05	4.9228122397444268e-05	1.3388075070567644e-06
5.1000000000000000e-05	8.2737951399208065e-01	2.1495537932334309e-02	8.1913917346942117e-02	2.1071076612687698e-03	5.1843580863242554e-02	1.3468107508665757e-03	5.1236799990366181e-03	1.3179314914672367e-04	7.2211518901327499e-03	1.8775957894973585e-04	7.1525779897110722e-04	1.8413581831476595e-05	4.5721603138203524e-04	1.1887762002526561e-05	4.5207839646499900e-05	1.1638221667733956e-06
5.3000000000000001e-05	8.2405455940140626e-01	2.0031218360390783e-02	8.7018962859515589e-02	2.0904878115422286e-03	5.2812611480675960e-02	1.2836617032775434e-03	5.5653721582286974e-03	1.3369246055135222e-04	5.8122638839800678e-03	1.4142041166044766e-04	6.1410408898875536e-04	1.4766724148714047e-05	3.7699993901428662e-04	9.1726217733646470e-06	3.9750254079992266e-05	9.5584076726259736e-07
5.4999999999999995e-05	8.2113852153933442e-01	1.8419574963846563e-02	9.2141000386883512e-02	2.0382643142303762e-03	5.3498231967174736e-02	1.1999313918007941e-03	5.9885375715273310e-03	1.3246589838467247e-04	4.4900427105855093e-03	1.0083617463009953e-04	5.0416071815515755e-04	1.1165298216719347e-05	2.9664164097996539e-04	6.6617837657980437e-06	3.3227742532194448e-05	7.3589795380876496e-07
5.6999999999999996e-05	8.1858182800270252e-01	1.6697774868415557e-02	9.7256192844177178e-02	1.9514549687111474e-03	5.3891428881326954e-02	1.0991595575314563e-03	6.3847773111045504e-03	1.2810292527844756e-04	3.2913984796606992e-03	6.7236699882392185e-05	3.9135623776725590e-04	7.8637770793025936e-06	2.2028193541314667e-04	4.5000188452949985e-06	2.6118626715856840e-05	5.2486538936908123e-07
5.8999999999999998e-05	8.1633445135015159e-01	1.4904993554123638e-02	1.0233870734672355e-01	1.8325331634839446e-03	5.3987000324964882e-02	9.8556716036854539e-04	6.7458354292721980e-03	1.2078566389935097e-04	2.2481090600951748e-03	4.1124765629329245e-05	2.8209665444593122e-04	5.0607689105150307e-06	1.5165204620630260e-04	2.7744910955984193e-06	1.8967872369652956e-05	3.4034826154177947e-07
6.0999999999999999e-05	8.1434767185931267e-01	1.3081396671722307e-02	1.0736107352972883e-01	1.6853841211827139e-03	5.3783920016834297e-02	8.6380645466855850e-04	7.0638857267466583e-03	1.1088132926193626e-04	1.3859665517269794e-03	2.2321669905648422e-05	1.8293640748719218e-04	2.8791230442020278e-06	9.3831585972500153e-05	1.5117125605733224e-06	1.2338957375056598e-05	1.9428247140481084e-07
6.3000000000000000e-05	8.1257569122639584e-01	1.1267073243411169e-02	1.1229465263416299e-01	1.5151842106633387e-03	5.3285599634293163e-02	7.3868633068272199e-04	7.3318244296727911e-03	9.8917954546729692e-05	7.2411365387295543e-04	1.0078195623216711e-05	1.0022333771632106e-04	1.3572912505496271e-06	4.9060868719798633e-05	6.8349875091906094e-07	6.7618130732833872e-06	9.1677165518623673e-08
6.4999999999999994e-05	8.1097705907870288e-01	9.5009573900809319e-03	1.1711019797229973e-01	1.3282058666268649e-03	5.2500021429948515e-02	6.1489370729313989e-04	7.5435522255903322e-03	8.5545262949675904e-05	2.7458804159142245e-04	3.2336559636747508e-06	3.9737299210687310e-05	4.5297702714836876e-07	1.8621816900815334e-05	2.2009195144684161e-07	2.6824868947161607e-06	3.0696969452778259e-08
6.7000000000000002e-05	8.0951587549604509e-01	7.8197790886544993e-03	1.2177848065557870e-01	1.1315560851742508e-03	5.1439721448391984e-02	4.9673217009028902e-04	7.6942282477884651e-03	7.1484312353616911e-05	4.2091092244894178e-05	4.0144604332643425e-07	6.3442532579214318e-06	5.8197425564057379e-08	2.7957346966836507e-06	2.7554631665870833e-08	4.2023019021247869e-07	3.9874349275279091e-09
6.8999999999999997e-05	8.0816273589589394e-01	6.2570848978434589e-03	1.2627094898600177e-01	9.3286159636019419e-04	5.0121614052451906e-02	3.8789734366853542e-04	7.7804793417533503e-03	5.7470916803591083e-05	2.3993918044505693e-05	1.5797556854811235e-07	3.6885811560782946e-06	2.3106884250126086e-08	8.9939716512356147e-07	6.0808935218985090e-09	1.3702385375302978e-07	8.8565949240128911e-10
7.0999999999999991e-05	8.0689539013485923e-01	4.8423670167210405e-03	1.3056038631550784e-01	7.3991811540881954e-04	4.8566659946331199e-02	2.9130483968744933e-04	7.8005503402817315e-03	4.4198615073147619e-05	2.1058826376383193e-04	1.2130704137695635e-06	3.3945625955813720e-05	1.8458634021454823e-07	1.1393899432239892e-05	6.6074203785132291e-08	1.8231680753248211e-06	9.9879464922151428e-09
7.2999999999999999e-05	8.0569909573221343e-01	3.6003336870190201e-03	1.3462153099978599e-01	5.6032407516866140e-04	4.6799391322915045e-02	2.0898146731835143e-04	7.7543849394805164e-03	3.2266989399784722e-05	5.8558231335628739e-04	2.5436403454904247e-06	9.7653911833758911e-05	3.9491219087968690e-07	3.2054252305066374e-05	1.3960390301710851e-07	5.3006469461639173e-06	2.1505820763169290e-08
7.4999999999999993e-05	8.0456665561397145e-01	2.5503463254115525e-03	1.3843162365645956e-01	4.0112061150045567e-04	4.4847318011052260e-02	1.4202436011639610e-04	7.6436317236474793e-03	2.2140429792400520e-05	1.1268320191954772e-03	3.4780652531522151e-06	1.9364206318748105e-04	5.4590782818555364e-07	6.0182501843197858e-05	1.8598255345197485e-07	1.0243793273682043e-05	2.8934916553589858e-08
7.7000000000000001e-05	8.0349814325453073e-01	1.7060396052978940e-03	1.4197085136048707e-01	2.6845916297150985e-04	4.2740246529090607e-02	9.0626488059911424e-05	7.4715753928205680e-03	1.4121101788034316e-05	1.8072877354306156e-03	3.7255910131358737e-06	3.1905934291322875e-04	5.8483135918104073e-07	9.2843763738306761e-05	1.9144419897729275e-07	1.6214638005827037e-05	2.9758295946476004e-08
7.8999999999999996e-05	8.0250033179941327e-01	1.0751308675966294e-03	1.4522266544342144e-01	1.6731591606265308e-04	4.0509548997446236e-02	5.4161392405217510e-05	7.2429986836406507e-03	8.3381150756118665e-06	2.5961244782110788e-03	3.3521678785223657e-06	4.6951136717102957e-04	5.1971872864904094e-07	1.2710335896920266e-04	1.6399417974220764e-07	2.2708547985185247e-05	2.5151816167106382e-08
8.0999999999999990e-05	8.0158585769799506e-01	6.5941563955166141e-04	1.4817395867331368e-01	1.0126873539595253e-04	3.8187420516971632e-02	3.1315489439082823e-05	6.9639852379495860e-03	4.7529708004105366e-06	3.4600130097619248e-03	2.7107175450836612e-06	6.3929454791115210e-04	4.1372437304544910e-07	1.6024430735073119e-04	1.2524405007785062e-07	2.9204597281032261e-05	1.8890310950240261e-08
8.2999999999999998e-05	8.0077216244243321e-01	4.5493753400370718e-04	1.5081509798445408e-01	7.2347583020267932e-05	3.5806161873621171e-02	2.0253325427883355e-05	6.6416772658212248e-03	3.1795588482348168e-06	4.3644791879621433e-03	2.3389869719089632e-06	8.2171491611744273e-04	3.6986089234713121e-07	1.8994759044580902e-04	1.0133353700101117e-07	3.5214742337039209e-05	1.5814107345524829e-08
8.4999999999999993e-05	8.0008026707658608e-01	4.5231408790914594e-04	1.5313981963491402e-01	8.0964264870997618e-05	3.3397519660636366e-02	1.8799884508582263e-05	6.2840039486777247e-03	3.3155170426718691e-06	5.2752916346698788e-03	2.8413419537231961e-06	1.0094699854469296e-03	5.0910961794025927e-07	2.1442239251764035e-04	1.1487528520180476e-07	4.0326312462014162e-05	2.0272902034646739e-08
8.7000000000000001e-05	7.9953344220756095e-01	6.3719564069719811e-04	1.5514500367409745e-01	1.2592217771799060e-04	3.0992108809464076e-02	2.4624383036061524e-05	5.8993970267543850e-03	4.7808126527668280e-06	6.1598135933120784e-03	4.7717472124459156e-06	1.1950669674980162e-03	9.4588598770106695e-07	2.3247934050450088e-04	1.7933234980372222e-07	4.4233486250013739e-05	3.4914904360015513e-08
8.8999999999999995e-05	7.9915584056061217e-01	9.9083232377119245e-04	1.5683035295338546e-01	2.0450203921224409e-04	2.8618933987474476e-02	3.5411673134921735e-05	5.4965090212579287e-03	7.1590324834314394e-06	6.9882544514408866e-03	8.5337593161587193e-06	1.3712475292742431e-03	1.7651339458574337e-06	2.4354587223802994e-04	2.9651136908576144e-07	4.6755093371420549e-05	6.0057711201159980e-08
9.0999999999999989e-05	7.9897115922762485e-01	1.4907244997641393e-03	1.5819800785088747e-01	3.1261571901039704e-04	2.6305017328013023e-02	4.9010051771977283e-05	5.0839473424432345e-03	1.0037050733160073e-05	7.7347600550706445e-03	1.4309919931365540e-05	1.5313887381505171e-03	3.0048640475495164e-06	2.4762855692531533e-04	4.5710560325442427e-07	4.7837983741676027e-05	9.3706280810204288e-08
9.2999999999999997e-05	7.9900139460491004e-01	2.1113341397690664e-03	1.5925213092450433e-01	4.4501744424393561e-04	2.4075131429393479e-02	6.3547511608533553e-05	4.6700345362306987e-03	1.3039390363471674e-05	8.3782885443763958e-03	2.2028039891026788e-05	1.6698519373595595e-03	4.6468502120051624e-06	2.4523186692996569e-04	6.4361049006642984e-07	4.7547049424643486e-05	1.3212029257554578e-07
9.4999999999999992e-05	7.9926574490800595e-01	2.8248380247501499e-03	1.5999849569893199e-01	5.9555985729046134e-04	2.1951629260718197e-02	7.7511879921492017e-05	4.2626015748915029e-03	1.5854564141706509e-05	8.9032295620408812e-03	3.1366251668829735e-05	1.7822558187038805e-03	6.6166831021514415e-06	2.3724612242252493e-04	8.3456652586302867e-07	4.6044509313590531e-05	1.7071756989989437e-07
9.7000000000000000e-05	7.9977970373694096e-01	3.6019075432258997e-03	1.6044411090019459e-01	7.5748154679980027e-04	1.9954357082748432e-02	8.9793546059158366e-05	3.8688178272398765e-03	1.8251818736745452e-05	9.2997386067363089e-03	4.1793195740597909e-05	1.8656564419198289e-03	8.7927342898049717e-06	2.2481888077679034e-04	1.0089982704998880e-06	4.3562086350216495e-05	2.0505396972554852e-07
9.8999999999999994e-05	8.0055437435385379e-01	4.4125034552504718e-03	1.6059690612698732e-01	9.2371254950147225e-04	1.8100633011176571e-02	9.9692346066840840e-05	3.4950584942515972e-03	2.0087860344517172e-05	9.5637740987648857e-03	5.2635067777029364e-05	1.9186247406474970e-03	1.1022114969581473e-05	2.0922391954379538e-04	1.1500854591527559e-06	4.0370131278847047e-05	2.3164412558811378e-07
1.0100000000000000e-04	8.0159601919713630e-01	5.2266766248466150e-03	1.6046549785062911e-01	1.0871846911128125e-03	1.6405272444991192e-02	1.0689252336491475e-04	3.1468080938663410e-03	2.1304190186548637e-05	9.6968413552201652e-03	6.3158106749222750e-05	1.9412204017906468e-03	1.3140669025764719e-05	1.9174035867034999e-04	1.2474434629820627e-06	3.6747584511578101e-05	2.4846443506518261e-07
1.0300000000000000e-04	8.0290584381690611e-01	6.0153669086881268e-03	1.6005904653884923e-01	1.2411342839000869e-03	1.4880642066928254e-02	1.1141146735057208e-04	2.8285971228004334e-03	2.1916534259534794e-05	9.7054640857586680e-03	7.2653825306363449e-05	1.9348691443659915e-03	1.4993583034870534e-05	1.7355172568130352e-04	1.2978013435478768e-06	3.2956013214579117e-05	2.5508161199009528e-07
1.0499999999999999e-04	8.0447999994978658e-01	6.7511919150076410e-03	1.5938720739683865e-01	1.3793854795842494e-03	1.3536726151843526e-02	1.1352915459221107e-04	2.5439682943486732e-03	2.1998460696095427e-05	9.6004192348489552e-03	8.0514957877788246e-05	1.9021576585998381e-03	1.6453367533669189e-05	1.5567131811162674e-04	1.3042442022362936e-06	2.9219968971213057e-05	2.5244715713163387e-07
1.0700000000000000e-04	8.0630977979295904e-01	7.4092152996259528e-03	1.5846016944140262e-01	1.4966034366921722e-03	1.2381192056377688e-02	1.1370591498876719e-04	2.2954686374451420e-03	2.1661617875783610e-05	9.3957841638327502e-03	8.6292515694379919e-05	1.8465662263754091e-03	1.7432687412023725e-05	1.3889652169556314e-04	1.2744549486995083e-06	2.5714765812178308e-05	2.4246686213148119e-07
1.0899999999999999e-04	8.0838196342650392e-01	7.9676810186139913e-03	1.5728877097175964e-01	1.5885074423282915e-03	1.1419445545643466e-02	1.1249635755169106e-04	2.0846640723603711e-03	2.1035099483010721e-05	9.1078556097028938e-03	8.9728019171911202e-05	1.7721629263008096e-03	1.7890619637125182e-05	1.2379123760684216e-04	1.2185100401555030e-06	2.2561660165043914e-05	2.2748313212738492e-07
1.1100000000000000e-04	8.1067927427799114e-01	8.4086961139745783e-03	1.5588467440691783e-01	1.6520353413005831e-03	1.0654670601472949e-02	1.1046704779540174e-04	1.9121736565649136e-03	2.0246270103383564e-05	8.7540070838464587e-03	9.0759273811768265e-05	1.6832851087240413e-03	1.7832160186365530e-05	1.1069262719928519e-04	1.1467565240477740e-06	1.9829476230780972e-05	2.0979735817890652e-07
1.1300000000000000e-04	8.1318089380304470e-01	8.7188409153838037e-03	1.5426058017504229e-01	1.6854522117832433e-03	1.0087852178263792e-02	1.0812484991709659e-04	1.7777213313928224e-03	1.9405002022676682e-05	8.3515550623531210e-03	8.9502238052470976e-05	1.5842334658353291e-03	1.7301945498212251e-05	9.9736271334154711e-05	1.0681601666742724e-06	1.7541069110815988e-05	1.9132080107585687e-07
1.1499999999999999e-04	8.1586298624231612e-01	8.8896827700770797e-03	1.5243045793682006e-01	1.6883983078817201e-03	9.7177837411956160e-03	1.0586174694645245e-04	1.6802035378048804e-03	1.8592727848464019e-05	7.9167042966032594e-03	8.6214916151718872e-05	1.4790016424275705e-03	1.6373991283806322e-05	9.0892723281013976e-05	9.8932241046014215e-07	1.5682705253019124e-05	1.7339170161384009e-07
1.1700000000000000e-04	8.1869918731330527e-01	8.9181682433821831e-03	1.5040977381550910e-01	1.6618739208129737e-03	9.5410641497993692e-03	1.0392045629571102e-04	1.6177713956108367e-03	1.7857062044450441e-05	7.4636387836619659e-03	8.1251269049365291e-05	1.3710601999451218e-03	1.5139653669767622e-05	8.4008350246521184e-05	9.1417551385376440e-07	1.4214461610955703e-05	1.5674954509053746e-07
1.1899999999999999e-04	8.2166101678419035e-01	8.8068696401173100e-03	1.4821569427208423e-01	1.6081619462812362e-03	9.5520904454065147e-03	1.0238331872983304e-04	1.5879261960512561e-03	1.7212053653876864e-05	7.0038174208268203e-03	7.5013591321318281e-05	1.2632082445361915e-03	1.3695952395335700e-05	7.8844234172497060e-05	8.4422550392469335e-07	1.3080048981382930e-05	1.4162575026560382e-07
1.2100000000000000e-04	8.2471818374573391e-01	8.5640648750039093e-03	1.4586725048469229e-01	1.5306924252435918e-03	9.7430543568152624e-03	1.0118484716747105e-04	1.5876267366146620e-03	1.6643473606879839e-05	6.5455222566517153e-03	6.7910671128174944e-05	1.1574996359260611e-03	1.2135929413120577e-05	7.5108557890438029e-05	7.7914354376764750e-07	1.2214962891519541e-05	1.2789767903778579e-07
1.2299999999999998e-04	8.2783876466267914e-01	8.2036350426352572e-03	1.4338545117789428e-01	1.4338568825258318e-03	1.0103950916360304e-02	1.0014611381724309e-04	1.6134065698004607e-03	1.6117983374888902e-05	6.0936927760417764e-03	6.0326649813873986e-05	1.0552439503315090e-03	1.0541993410506004e-05	7.2480070523154710e-05	7.1750489324990646e-07	1.1552448688206486e-05	1.1525721204643858e-07
1.2500000000000000e-04	8.3098924748369918e-01	7.7447710776024003e-03	1.4079333637082694e-01	1.3227835842325531e-03	1.0622607588934491e-02	9.9027005246985056e-05	1.6614986204085997e-03	1.5594638799157637e-05	5.6500621987663974e-03	5.2602390934578453e-05	9.5707585392793199e-04	8.9824086767168045e-06	7.0622575137601568e-05	6.5751818480897041e-07	1.1027325313647947e-05	1.0335930998185806e-07
1.2700000000000000e-04	8.3413444964427297e-01	7.2114889964133618e-03	1.3811596903988826e-01	1.2030875101360064e-03	1.1284741895653450e-02	9.7590484570094532e-05	1.7279639473468369e-03	1.5036997466707648e-05	5.2135919112806196e-03	4.5028058899315163e-05	8.6308082708865203e-04	7.5104110345935203e-06	6.9192549850934123e-05	5.9764519180902397e-07	1.0578148792620289e-05	9.1932115789013294e-08
1.2899999999999999e-04	8.3723733298028458e-01	6.6319616028483516e-03	1.3538036581336294e-01	1.0806105667080066e-03	1.2074054798837648e-02	9.5671568713345540e-05	1.8088207922840891e-03	1.4424138460692850e-05	4.7811787393102542e-03	3.7843201946546776e-05	7.7296078880447101e-04	6.1650159960510586e-06	6.7843648277981082e-05	5.3705603738708791e-07	1.0148445648261505e-05	8.0842480765655975e-08
1.3099999999999999e-04	8.4025875345518897e-01	6.0376824683251061e-03	1.3261537118850486e-01	9.6116811556103642e-04	1.2972366217894701e-02	9.3242932050396619e-05	1.9001695692221533e-03	1.3759158153196587e-05	4.3485879651289786e-03	3.1239493022148758e-05	6.8622052938825098e-04	4.9724920435807057e-06	6.6232631154344526e-05	4.7588492253577032e-07	9.6877821004565996e-06	7.0117340143621127e-08
1.3300000000000001e-04	8.4315719704816283e-01	5.4624848771487843e-03	1.2985148214221948e-01	8.5031715511704308e-04	1.3959798029576002e-02	9.0469010423819310e-05	1.9983091892230172e-03	1.3074133554065113e-05	3.9115442840430403e-03	2.5361687458368385e-05	6.0235523548890328e-04	3.9476858372783677e-06	6.4031070552523741e-05	4.1525343926897605e-07	9.1532739669810055e-06	5.9923789678401105e-08
1.3500000000000000e-04	8.4588856382337652e-01	4.9414439205874962e-03	1.2712063128457937e-01	7.5315951011098816e-04	1.5015008766874895e-02	8.7741256987120304e-05	2.0998401406547526e-03	1.2431079660740405e-05	3.4668950381168298e-03	2.0304229580818780e-05	5.2102084626209899e-04	3.0948108947721704e-06	6.0945906295519297e-05	3.5703309390931661e-07	8.5118402959599354e-06	5.0512628523102267e-08
1.3700000000000000e-04	8.4840606866775259e-01	4.5096940027225486e-03	1.2445593692622187e-01	6.7419033100109629e-04	1.6115482890781574e-02	8.5688768664883382e-05	2.2017500857019483e-03	1.1918988753524206e-05	3.0137469714142900e-03	1.6103831484948519e-05	4.4217233573468914e-04	2.4078046668907566e-06	5.6749767908648129e-05	3.0334967229189899e-07	7.7431428346315569e-06	4.2134683623279878e-08
1.3899999999999999e-04	8.5066032806248837e-01	4.2011969259014735e-03	1.2189142780271017e-01	6.1719836797779527e-04	1.7237875827367140e-02	8.5160753810615726e-05	2.3014783879068703e-03	1.1647545357173482e-05	2.5544712849682669e-03	1.2731507417206267e-05	3.6615985204626277e-04	1.8707721028868778e-06	5.1319236557638611e-05	2.5590267583039889e-07	6.8428235559395899e-06	3.4947156610411314e-08
1.4099999999999998e-04	8.5259969641395894e-01	4.0474978655917959e-03	1.1946174906615194e-01	5.8522021137432940e-04	1.8358413766738000e-02	8.7180068736457527e-05	2.3969569269708022e-03	1.1738489897171280e-05	2.0954734991866703e-03	1.0090078208219057e-05	2.9377832475648518e-04	1.4592514881106108e-06	4.4676394667951258e-05	2.1527459436194907e-07	5.8254314463260095e-06	2.8936233740075993e-08
1.4300000000000001e-04	8.5417090227081016e-01	4.0765083517494780e-03	1.1720185494980312e-01	5.8054635078101733e-04	1.9453344357498424e-02	9.2870073601272047e-05	2.4866257388012746e-03	1.2315809040753682e-05	1.6476355520893106e-03	8.0242152907640453e-06	2.2627190090038438e-04	1.1430075391425790e-06	3.7026664972023362e-05	1.8050394501402509e-07	4.7263653026417951e-06	2.3887877371961399e-08
1.4500000000000000e-04	8.5532001425779114e-01	4.3113571214000689e-03	1.1514669268074854e-01	6.0477284905369633e-04	2.0499430831784335e-02	1.0336006341632570e-04	2.5694233767970371e-03	1.3495943621989781e-05	1.2263578455016485e-03	6.3490899138495707e-06	1.6529957753046292e-04	8.9079604218761245e-07	2.8784628471816476e-05	1.4924299251193846e-07	3.6022582919390815e-06	1.9436644016624325e-08
1.4700000000000000e-04	8.5599373968145898e-01	4.7693513725455793e-03	1.1333088212742919e-01	6.5888895990727937e-04	2.1474477841139487e-02	1.1967721066549633e-04	2.6447533460304982e-03	1.5379040442231625e-05	8.5115776948624519e-04	4.9004860306193118e-06	1.1287194181415077e-04	6.7713177989643670e-07	2.0579655086815143e-05	1.1876754359690374e-07	2.5294583642313830e-06	1.5210277085438335e-08
1.4899999999999999e-04	8.5614102733194730e-01	5.4610921370536443e-03	1.1178839652596467e-01	7.4338838653121360e-04	2.2357872645946492e-02	1.4263500541109204e-04	2.7124294229220122e-03	1.8041975479948871e-05	5.4481670237416745e-04	3.6042127534098256e-06	7.1270502427262677e-05	4.9063577083635637e-07	1.3234969174313915e-05	8.7927495309963977e-08	1.6005518608452269e-06	1.1066888780506799e-08
1.5099999999999998e-04	8.5571491266123656e-01	6.3897874528019609e-03	1.1055225140369647e-01	8.5839026980629829e-04	2.3131120758192864e-02	1.7272931949446815e-04	2.7726040336986057e-03	2.1533507073799618e-05	3.3210675053696513e-04	2.5567138738542952e-06	4.2960503697314403e-05	3.4314258846762180e-07	7.7170869830904361e-06	5.9839901997445256e-08	9.1916017284847107e-07	7.3962456684876515e-09
1.5300000000000001e-04	8.5467451149657059e-01	7.5508047828440903e-03	1.0965421122365790e-01	1.0037555312508036e-03	2.3778351331630528e-02	2.1005324106876304e-04	2.8256850099484809e-03	2.5871551191909518e-05	2.3816799292968082e-04	2.1031880142295963e-06	3.0505525272424423e-05	2.7848211670874745e-07	5.0569686813153006e-06	4.4795464291718068e-08	5.9344611984096566e-07	5.4332397501541386e-09
1.5500000000000000e-04	8.5298704122699875e-01	8.9314987256942195e-03	1.0912452578869383e-01	1.1791849322598795e-03	2.4286765243443621e-02	2.5424061500168389e-04	2.8722468516068252e-03	3.1042275103143132e-05	2.8664282677908582e-04	2.8957013686415622e-06	3.6488104558304831e-05	3.7973096474538706e-07	6.2490252941029876e-06	6.2574441471112592e-08	7.2886184584802503e-07	7.5159469890180761e-09
1.5699999999999999e-04	8.5062972928113156e-01	1.0511340769125957e-02	1.0899171038828913e-01	1.3842871219972956e-03	2.4646998583427789e-02	3.0444581281888878e-04	2.9129430015572338e-03	3.7000531399861483e-05	4.9770239083464214e-04	5.9129210067731403e-06	6.3435871132779348e-05	7.7373090617726990e-07	1.2138467560096622e-05	1.4325692002852894e-07	1.4206553203618922e-06	1.7216571247414201e-08
1.5899999999999999e-04	8.4759146037889743e-01	1.2262364457130470e-02	1.0928238432126128e-01	1.6186079111266351e-03	2.4853376630654549e-02	3.5936383243369703e-04	2.9484254972753630e-03	4.3671125057229887e-05	8.8611778587240997e-04	1.2425977714979601e-05	1.1374819183521656e-04	1.6317478729098771e-06	2.3310551581017862e-05	3.2574475158967944e-07	2.7465643539411462e-06	3.9282180510481060e-08
1.6099999999999998e-04	8.4387401817801311e-01	1.4149922358739476e-02	1.1002118115348211e-01	1.8816158015665253e-03	2.4904038501707148e-02	4.1729074178476324e-04	2.9792776892906768e-03	5.0950513993233167e-05	1.4595337447599788e-03	2.3901648368838823e-05	1.8961501848309428e-04	3.1652583465552308e-06	3.9996420464494678e-05	6.5360677664785907e-07	4.7600217815869289e-06	7.9342440446406154e-08
1.6300000000000000e-04	8.3949279398158860e-01	1.6133731894198183e-02	1.1123074046694105e-01	2.1726430949062935e-03	2.4800920247527260e-02	4.7622020829197310e-04	3.0059645441758002e-03	5.8708750474251741e-05	2.2170936542148978e-03	4.1843803845148193e-05	2.9291825937490223e-04	5.6160012668963195e-06	6.2009137850991671e-05	1.1684552337317971e-06	7.4841286664805121e-06	1.4337144262785762e-07
1.6500000000000000e-04	8.3447686421301948e-01	1.8169167290704547e-02	1.1293178484510474e-01	2.4907862861957850e-03	2.4549593601926448e-02	5.3396794010924901e-04	3.0288034908911663e-03	6.6791717235570162e-05	3.1485429458081387e-03	6.7585445384396489e-05	4.2510700763859883e-04	9.2396723107413236e-06	8.8720229937808951e-05	1.9017276023599961e-06	1.0906658293626294e-05	2.3692783646164545e-07
1.6699999999999999e-04	8.2886837722405438e-01	2.0208737017465981e-02	1.1514327771399624e-01	2.8347734856071401e-03	2.4158967858117997e-02	5.8831282949788793e-04	3.0479569928603136e-03	7.5023930747084822e-05	4.2339047533897414e-03	1.0205468622739187e-04	5.8704141645513758e-04	1.4283049481684057e-05	1.1908205952155073e-04	2.8663114149721792e-06	1.4976432128177925e-05	3.6423903412494130e-07
1.6899999999999999e-04	8.2272123550165999e-01	2.2203672345414972e-02	1.1788264807553210e-01	3.2028098909456628e-03	2.3640872297143595e-02	6.3714184872016753e-04	3.0634462396465102e-03	8.3212314311251480e-05	5.4437803813170184e-03	1.4554659585259646e-04	7.7880557726559192e-04	2.0955012174682203e-05	1.5169541674206184e-04	4.0497427642360639e-06	1.9601523391399195e-05	5.2723711841260931e-07
1.7099999999999998e-04	8.1609910767318372e-01	2.4105545181850777e-02	1.2116605807940832e-01	3.5924145553565020e-03	2.3009545036990240e-02	6.7858553538140153e-04	3.0751837598724861e-03	9.1151346312022972e-05	6.7402812726674501e-03	1.9753701876553873e-04	9.9949674819658899e-04	2.9392892425667140e-05	1.8491575639294420e-04	5.4106213029907328e-06	2.4649832276361670e-05	7.2468961771661131e-07
1.7300000000000000e-04	8.0907285188636302e-01	2.5867833287083430e-02	1.2500867991277717e-01	4.0002627145817931e-03	2.2281060120354666e-02	7.1113221939343772e-04	3.0830215355882630e-03	9.8629854286626906e-05	8.0785528174787784e-03	2.5657304112242877e-04	1.2470057655024271e-03	3.9626828282194367e-05	2.1698646110961681e-04	6.8793973532408544e-06	2.9952570450086782e-05	9.5158827267003254e-07
1.7500000000000000e-04	8.0171747441900043e-01	2.7447358608210765e-02	1.2942494081869582e-01	4.4220478052693626e-03	2.1472727457140742e-02	7.3371176169081259e-04	3.0868104567353919e-03	1.0543947500360775e-04	9.4088073369790939e-03	3.2026735532003506e-04	1.5178104052703399e-03	5.1546109438449592e-05	2.4618411275252459e-04	8.3638867906085079e-06	3.5311038641202523e-05	1.1989530606648906e-06
1.7699999999999999e-04	7.9410878162029930e-01	2.8805538855523054e-02	1.3442869027064097e-01	4.8523762473855663e-03	2.0602499660137510e-02	7.4574308614236428e-04	3.0864667169443914e-03	1.1138448103816789e-04	1.0678747207788501e-02	3.8541106330027008e-04	1.8068088229284123e-03	6.4872637670502473e-05	2.7095946939568490e-04	9.7589297518586787e-06	4.0506761839026605e-05	1.4541692136424355e-06
1.7899999999999999e-04	7.8631990722264544e-01	2.9909411656423551e-02	1.4003324231196493e-01	5.2847064300456806e-03	1.9688416082103810e-02	7.4714367734208555e-04	3.0820409553087434e-03	1.1629234603608630e-04	1.1836231816432884e-02	4.4820315402113969e-04	2.1072231054709203e-03	7.9147224635532702e-05	2.9005878178768666e-04	1.0958746486910069e-05	4.5314588846916059e-05	1.7019004466932637e-06
1.8099999999999998e-04	7.7841790936582422e-01	3.0732411957484308e-02	1.4625124940794801e-01	5.7113415136121042e-03	1.8748108095395274e-02	7.3830296567055777e-04	3.0737864565114070e-03	1.2002414527745913e-04	1.2832025373524380e-02	5.0457742750062006e-04	2.4106027827876862e-03	9.3734180599137269e-05	3.0261300849719315e-04	1.1869961737826710e-05	4.9517837095644470e-05	1.9255205339422563e-06
1.8300000000000000e-04	7.7046063194938019e-01	3.1254903795723391e-02	1.5309437210812307e-01	6.1234839498487603e-03	1.7798381748210634e-02	7.2002468467667082e-04	3.0622233526445318e-03	1.2248371575678647e-04	1.3622457135214974e-02	5.5059181130570243e-04	2.7069545085798628e-03	1.0784827378282133e-04	3.0818689302460804e-04	1.2423105957829666e-05	5.2924071376619706e-05	2.1088963940164376e-06
1.8500000000000000e-04	7.6249401357234181e-01	3.1464484296897216e-02	1.6057272127370090e-01	6.5113581629094707e-03	1.6854885419682792e-02	6.9344556577140271e-04	3.0481963354681654e-03	1.2362446312661951e-04	1.4171831009752047e-02	5.8283350379560316e-04	2.9850170011621949e-03	1.2060561456711907e-04	3.0678506275312508e-04	1.2580694414952764e-05	5.5379758934866415e-05	2.2382647228150646e-06
1.8699999999999999e-04	7.5455000533940253e-01	3.1356088620701404e-02	1.6869406612577439e-01	6.8644065313529477e-03	1.5931862005224687e-02	6.5993900397101038e-04	3.0329237295763220e-03	1.2345281372913764e-04	1.4454436950088769e-02	5.9878827522306011e-04	3.2326900069132728e-03	1.3109654398233732e-04	2.9881755299698126e-04	1.2340661401239221e-05	5.6781942446260522e-05	2.3038972162033719e-06
1.8899999999999999e-04	7.4664522762803431e-01	3.0931928446317092e-02	1.7746282109946562e-01	7.1715623337019405e-03	1.5041978380210493e-02	6.2101261891226041e-04	3.0180358006442420e-03	1.2202756297955195e-04	1.4456040581230782e-02	5.9712468782642894e-04	3.4376130910211988e-03	1.3847464408470034e-04	2.8503175480182541e-04	1.1734825311466705e-05	5.7085280265808980e-05	2.3012651915650323e-06
1.9099999999999998e-04	7.3878045719735885e-01	3.0201293613011930e-02	1.8687884629091769e-01	7.4216011633769100e-03	1.4196220064065457e-02	5.7820809998872149e-04	3.0055998705650973e-03	1.1945474747785668e-04	1.4174758545229788e-02	5.7785388736961586e-04	3.5878753287493900e-03	1.4205221248227685e-04	2.6642117781891116e-04	1.0822974308584994e-05	5.6303330538773909e-05	2.2314967391513740e-06
1.9300000000000000e-04	7.3094099161849269e-01	2.9180238071990376e-02	1.9693611867592301e-01	7.6035689324743649e-03	1.3403836493893087e-02	5.3301057838867430e-04	2.9981292693223548e-03	1.1587813846813259e-04	1.3621263284622993e-02	5.4234167310267798e-04	3.6728215804252731e-03	1.4138973156865888e-04	2.4412325416414444e-04	9.6838917580812649e-06	5.4503751519976583e-05	2.1010538849547062e-06
1.9500000000000000e-04	7.2309788990833901e-01	2.7891159740441762e-02	2.0762135248377048e-01	7.7072795376055773e-03	1.2672322160665326e-02	4.8677323406083400e-04	2.9985725451077529e-03	1.1146598104557921e-04	1.2818300557075476e-02	4.9316942709236831e-04	3.6839063242458409e-03	1.3636574438662027e-04	2.1931855733596452e-04	8.4050414434285145e-06	5.1798044593712249e-05	1.9207127901088870e-06
1.9699999999999999e-04	7.1521003863435828e-01	2.6362272127531502e-02	2.1891266511883148e-01	7.7238684199195844e-03	1.2007420811233883e-02	4.4066110996640915e-04	3.0102789156757600e-03	1.0639513922354436e-04	1.1799543922057235e-02	4.3386115396098742e-04	3.6155335025998886e-03	1.2721463784024664e-04	1.9314236887353452e-04	7.0726482717744381e-06	4.8327422445818737e-05	1.7040672097799131e-06
1.9899999999999999e-04	7.0722694405684083e-01	2.4626956712569537e-02	2.3077839771015643e-01	7.6463799165717708e-03	1.1413143477966231e-02	3.9561630473075918e-04	3.0369359364412862e-03	1.0083429180580140e-04	1.0607850683524277e-02	3.6851213962127947e-04	3.4658120986525293e-03	1.1452328165256607e-04	1.6661678994190561e-04	5.7635794845495735e-06	4.4247162632127768e-05	1.4658574075864873e-06
2.0099999999999998e-04	6.9909210580148184e-01	2.2722981457216858e-02	2.4317620467420226e-01	7.4703572748734031e-03	1.0891795588988350e-02	3.5234493597710353e-04	3.0824760223386143e-03	9.4928185980668498e-05	9.2930210775279808e-03	3.0136772909328881e-04	3.2371537282664380e-03	9.9182975365122897e-05	1.4060801300358773e-04	4.5398708689791584e-06	3.9712233847643474e-05	1.2204309668332190e-06
2.0300000000000000e-04	6.9074678906424147e-01	2.0691573971963327e-02	2.5605252284515712e-01	7.1943957466272532e-03	1.0444013069233087e-02	3.1132457250446091e-04	3.1509499531253010e-03	8.8785115886056540e-05	7.9091944942414477e-03	2.3640644241738323e-04	2.9366416850565395e-03	8.2299954505110021e-05	1.1580947847120160e-04	3.4461101418434413e-06	3.4866927967727475e-05	9.8056846015445701e-07
