9.9999999999999995e-07	7.8403458500064970e-05	9.9968588540095094e-01	2.1147727921518439e-07	7.8557058543160080e-05	6.2271750724872570e-09	7.8497567342609962e-05	1.7139022201874514e-11	6.1684756160428392e-09	8.0746954140859644e-09	7.8412209991194728e-05	1.9862639113846430e-11	6.1617683223073867e-09	6.9068935989641479e-13	6.1571019040558439e-09	1.6055031914263191e-15	4.8383581541167827e-13
3.0000000000000001e-06	3.1407776883127366e-04	9.9873855553552915e-01	9.1789506294008927e-07	3.1646320286221277e-04	9.9705399279590048e-08	3.1554769373782191e-04	2.9864384463491694e-10	9.9985355792572655e-08	1.0621841198995176e-07	3.1393263027222818e-04	3.4034060878510098e-10	9.9473623131638903e-08	3.4517802563103104e-11	9.9185874858834054e-08	1.1049980795735422e-13	3.1428328848851781e-11
4.9999999999999996e-06	7.0425701058771670e-04	9.9715985372306493e-01	2.3367195835785493e-06	7.1624660113342139e-04	5.0438844944563782e-07	7.1164834775548256e-04	1.7120200252309433e-09	5.1116736010108073e-07	5.1279820539512990e-07	7.0311805556246118e-04	1.9036555103736959e-09	5.0504051778484522e-07	3.7123382159464750e-10	5.0179904259381216e-07	1.3927191512688081e-12	3.6043560042761339e-10
6.9999999999999999e-06	1.2416693831462393e-03	9.9496393503432645e-01	4.8262209162301504e-06	1.2793624632087008e-03	1.5834212392764203e-06	1.2648829504404188e-03	6.2779841917099686e-09	1.6264330533137066e-06	1.5716302385525030e-06	1.2373612594747663e-03	6.7808738755677366e-09	1.5910474855811322e-06	2.0163387868447244e-09	1.5730497741130568e-06	8.8130782325057210e-12	2.0226869809799989e-09
9.0000000000000002e-06	1.9147688662285046e-03	9.9217686565177676e-01	8.8691453068517079e-06	2.0062387621723457e-03	3.8148322327497558e-06	1.9709912553685818e-03	1.7972843316485689e-08	3.9854482287378182e-06	3.7132834692861436e-06	1.9030721516717015e-03	1.8817156507618887e-08	3.8481271758864459e-06	7.4264239628860298e-09	3.7805772920073222e-06	3.8116276060000142e-11	7.6445378796643767e-09
1.1000000000000000e-05	2.7080702017400200e-03	9.8883593613624687e-01	1.5045243333843561e-05	2.8963343064460352e-03	7.7542329524951665e-06	2.8234660484567258e-03	4.3706986078867805e-08	8.2699865205399020e-06	7.4002901232084734e-06	2.6820772955641536e-03	4.4311882786497397e-08	7.8559153912048584e-06	2.1245756317018924e-08	7.6585178849848051e-06	1.2871360686858016e-10	2.2432001285685630e-08
1.2999999999999999e-05	3.6025762941472453e-03	9.8498871333907989e-01	2.3993901120350751e-05	3.9482052729513618e-03	1.3986964231229991e-05	3.8136711710335378e-03	9.4310393688286200e-08	1.5286482124463300e-05	1.3062221846874013e-05	3.5522182056662607e-03	9.2513854735081850e-08	1.4238681287591246e-05	5.0812231507110019e-08	1.3754334137805358e-05	3.6366762412210873e-10	5.5132227332561411e-08
1.4999999999999999e-05	4.5762879807387732e-03	9.8069185948090565e-01	3.6368610170785759e-05	5.1595765397160929e-03	2.3072890408087857e-05	4.9309777048158728e-03	1.8531426807880144e-07	2.5942233009126113e-05	2.1028101383269428e-05	4.4881178058526735e-03	1.7569601702238769e-07	2.3612840880403113e-05	1.0618048255934288e-07	2.2568988126853762e-05	8.9545374843993861e-10	1.1873777300926757e-07
1.7000000000000000e-05	5.6047866890835138e-03	9.7600974977632571e-01	5.2785482804638584e-05	6.5274144672684484e-03	3.5487689032962090e-05	6.1629164609310148e-03	3.3729996106184394e-07	4.1215609453688617e-05	3.1464319482559449e-05	5.4620758636301520e-03	3.0860867914976340e-07	3.6529893199474401e-05	1.9947172892911867e-07	3.4495697648598628e-05	1.9726801894256468e-09	2.3069809119904653e-07
1.8999999999999998e-05	6.6618803452624664e-03	9.7101292239333892e-01	7.3768479584154889e-05	8.0479980772445430e-03	5.1564991682090906e-05	7.4953459704659598e-03	5.7559829026922877e-07	6.2120756326457133e-05	4.4326008297085975e-05	6.4450486086044118e-03	5.0719566091915359e-07	5.3418807839009224e-05	3.4347864556227398e-07	4.9762894212673806e-05	3.9592838617968086e-09	4.1243526304008131e-07
2.0999999999999999e-05	7.7203017901913574e-03	9.6577639686487604e-01	9.9694445928581602e-05	9.7169858039540310e-03	7.1444051739706543e-05	8.9126358401966192e-03	9.2916838649556088e-07	8.9667461515645830e-05	5.9328667484977567e-05	7.4076653297276990e-03	7.8658537141480982e-07	7.4532107699800803e-05	5.4961136811922174e-07	6.8386904295660833e-05	7.3352093991188886e-09	6.8803205579875868e-07
2.3000000000000000e-05	8.7524469032485702e-03	9.6037789950758834e-01	1.3074141716170248e-04	1.1529475137244168e-02	9.5027675229289864e-05	1.0397865565004234e-02	1.4285668972882483e-06	1.2481709917081871e-04	7.5944827204847633e-05	8.3212355001884113e-03	1.1585206518903287e-06	9.9899816274842654e-05	8.2543923222021203e-07	9.0139292065451168e-05	1.2667615599610490e-08	1.0820652241140155e-06
2.4999999999999998e-05	9.7311368478652342e-03	9.5489603693792968e-01	1.6684388516316300e-04	1.3480052568457650e-02	1.2195486927676968e-04	1.1933038717867824e-02	2.1030326516013061e-06	1.6843583479823391e-04	9.3427843490625679e-05	9.1587036243634470e-03	1.6285417647316436e-06	1.2929507832042803e-04	1.1722268298217797e-06	1.1453276050550458e-04	2.0545264705240526e-08	1.6166854514311819e-06
2.6999999999999999e-05	1.0630385744837699e-02	9.4940846120999012e-01	2.0765875647592029e-04	1.5562831371044548e-02	1.5159196909356705e-04	1.3499311977662257e-02	2.9768498105625469e-06	2.2124657916653057e-04	1.1086183060522874e-04	9.8955150357276540e-03	2.1933564569642082e-06	1.6221463823790349e-04	1.5829469264762827e-06	1.4082807558338754e-04	3.1476131197553516e-08	2.3081822507279608e-06
2.9000000000000000e-05	1.1426152148902970e-02	9.4399007210114338e-01	2.5254550555458573e-04	1.7771474991546281e-02	1.8304486317950822e-04	1.5077237848381572e-02	4.0652985213332133e-06	2.8378147119345696e-04	1.2723359007631898e-04	1.0510363614699165e-02	2.8388905402596936e-06	1.9787651137386246e-04	2.0412484774204219e-06	1.6806275950069055e-04	4.5758451888022089e-08	3.1633984577982539e-06
3.1000000000000001e-05	1.2097050468424847e-02	9.3871130324509433e-01	3.0056349016942030e-04	2.0099204293478220e-02	2.1519336929449247e-04	1.6647019312782375e-02	5.3706346747393997e-06	3.5633692424535203e-04	1.4151958363416820e-04	1.0985801041907156e-02	3.5394895550702284e-06	2.3523616346443439e-04	2.5217521130061871e-06	1.9510043104279445e-04	6.3346248398528383e-08	4.1764538701808317e-06
3.2999999999999996e-05	1.2624997371770537e-02	9.3363653877365571e-01	3.5048853208427387e-04	2.2538787660850702e-02	2.4674691281709437e-04	1.8188774154284663e-02	6.8786345749820601e-06	4.3893345288889524e-04	1.5277889342854212e-04	1.1308695922333509e-02	4.2586270226209253e-06	2.7302138593251341e-04	2.9918454001949432e-06	2.2069781273066787e-04	8.3738736360715957e-08	5.3262814865820168e-06
3.4999999999999997e-05	1.2995768575726298e-02	9.2882270557155999e-01	4.0084969818272626e-04	2.5082514060317564e-02	2.7631858865650278e-04	1.9682806319143504e-02	8.5562717998070949e-06	5.3128257797030183e-04	1.6024202876003529e-04	1.1470539133860749e-02	4.9512746568411028e-06	3.0978488686869205e-04	3.4148857407399613e-06	2.4358474337886558e-04	1.0592581195473904e-07	6.5754575621749792e-06
3.6999999999999998e-05	1.3199443345892216e-02	9.2431808298552720e-01	4.4998581149758839e-04	2.7722150553772886e-02	3.0251267092992881e-04	2.1109881455806435e-02	1.0351043697008424e-05	6.3276306168073620e-04	1.6338556793471209e-04	1.1467598441207965e-02	5.5678301965894012e-06	3.4397247471793044e-04	3.7544386922696963e-06	2.6255119083638849e-04	1.2841665990230445e-07	7.8707109464113365e-06
3.8999999999999999e-05	1.3230717510778969e-02	9.2016136681014504e-01	4.9611968400346850e-04	3.0448887356271867e-02	3.2401892545475897e-04	2.2451503583861009e-02	1.2192326298072888e-05	7.4240853219480749e-04	1.6198400456340453e-04	1.1300930364010437e-02	6.0592206286722860e-06	3.7400365351474192e-04	3.9789425524730394e-06	2.7653438989661661e-04	1.4936497580848027e-07	9.1453308456952272e-06
4.1000000000000000e-05	1.3089070595556656e-02	9.1638101768144675e-01	5.3744652933511807e-04	3.3253275199550139e-02	3.3970592647095588e-04	2.3690189605636625e-02	1.3994916387108684e-05	8.5890820865013864e-04	1.5613266497635188e-04	1.0976260351430569e-02	6.3825533470149425e-06	3.9836052689502278e-04	4.0660520854542024e-06	2.8469893422515817e-04	1.6678428097583058e-07	1.0323469719859067e-05
4.2999999999999995e-05	1.2778778495435355e-02	9.1299491583563275e-01	5.7223163466339007e-04	3.6125161298869585e-02	3.4870518026441726e-04	2.4809737980107521e-02	1.5664641858762732e-05	9.8062193039290474e-04	1.4623888087637879e-04	1.0503743623458142e-02	6.5065259353115557e-06	4.1568016813191863e-04	4.0059143086763387e-06	2.8650298053262976e-04	1.7882460105375191e-07	1.1326084925216830e-05
4.4999999999999996e-05	1.2308769542323050e-02	9.1001033480431948e-01	5.9891129505321454e-04	3.9053631420731413e-02	3.5047832760866788e-04	2.5795487274338898e-02	1.7105624453896845e-05	1.1056100401008327e-03	1.3298231822557607e-04	9.8976189609213117e-03	6.4157665109051702e-06	4.2484509577137177e-04	3.8027782160729524e-06	2.8174467549648991e-04	1.8406309105599765e-07	1.2078012832010398e-05
4.6999999999999997e-05	1.1692328462635031e-02	9.0742423633706804e-01	6.1619036814409536e-04	4.2026966210065748e-02	3.4486103482538185e-04	2.6634559505740327e-02	1.8228509319405426e-05	1.2316778935244871e-03	1.1724899398624788e-04	9.1757668074183597e-03	6.1133800893827969e-06	4.2506623797086576e-04	3.4746158847830097e-06	2.7058443135040774e-04	1.8175163189744256e-07	1.2515460338963889e-05
4.8999999999999998e-05	1.0946659189213866e-02	9.0522387801338222e-01	6.2312968204962114e-04	4.5032619894822164e-02	3.3207926939657849e-04	2.7316082284887952e-02	1.8958780873147641e-05	1.3564339105187110e-03	1.0004657697042968e-04	8.3591819155457107e-03	5.6212148139604684e-06	4.1595281135157385e-04	3.0507821343964960e-06	2.5354063924001738e-04	1.7196776321649795e-07	1.2593067029258213e-05
5.1000000000000000e-05	1.0092323429385852e-02	9.0338771399854867e-01	6.1921696526851010e-04	4.8057228645596500e-02	3.1273626082902042e-04	2.7831382934904461e-02	1.9244202509281921e-05	1.4773592010687733e-03	8.2410664667714658e-05	7.4713700355495656e-03	4.9777005443875608e-06	3.9756391671885445e-04	2.5680922233467608e-06	2.3145865555384879e-04	1.5563207899530045e-07	1.2289664545391567e-05
5.3000000000000001e-05	9.1525770090554338e-03	9.0188655860434341e-01	6.0441594747415856e-04	5.1086654216337596e-02	2.8777126301543043e-04	2.8174147218798278e-02	1.9060469842191253e-05	1.5918859690693574e-03	6.5312587172140676e-05	6.5376782959682836e-03	4.2334947558229085e-06	3.7043738944615853e-04	2.0659778820305481e-06	2.0545522256341136e-04	1.3438217400053775e-07	1.1611952094244662e-05
5.4999999999999995e-05	8.1526300647129495e-03	9.0068497216466603e-01	5.7918972996686042e-04	5.4106066115167231e-02	2.5839391971852464e-04	2.8340535276549839e-02	1.8414352052996917e-05	1.6974811972622975e-03	4.9578818293229846e-05	5.5845702519343107e-03	3.4455290485644981e-06	3.3559254268666092e-04	1.5815324080512316e-06	1.7684266694587795e-04	1.1032406557832495e-07	1.0595514513108015e-05
5.6999999999999996e-05	7.1188599425407997e-03	8.9974281969473546e-01	5.4449631834627794e-04	5.7100062634825643e-02	2.2600026742334621e-04	2.8329248042829096e-02	1.7343888836880572e-05	1.7917316296248240e-03	3.5830363027097703e-05	4.6388591165281295e-03	2.6703178321325200e-06	2.9450488338808871e-04	1.1452460485792755e-06	1.4703903565490726e-04	8.5708975215865227e-08	9.3029093756231792e-06
5.8999999999999998e-05	6.0780070329341570e-03	8.9901694537013588e-01	5.0175618250077362e-04	6.0052827876328360e-02	1.9207793382720650e-04	2.8141538880936151e-02	1.5915567730299681e-05	1.8724258602561034e-03	2.4447797545397357e-05	3.7269162211250898e-03	1.9575182826759373e-06	2.4905260272880029e-04	7.7806997025225544e-07	1.1747158310940187e-04	6.2599468948302255e-08	7.8189031119048588e-06
6.0999999999999999e-05	5.0563836192707712e-03	8.9846290054486366e-01	4.5279367415838276e-04	6.2948318749546553e-02	1.5810875337391058e-04	2.7781167407625363e-02	1.4218773601882210e-05	1.9376294525876292e-03	1.5564346345767294e-05	2.8738758157326764e-03	1.3446926207743532e-06	2.0143654073845340e-04	4.9017081446611513e-07	8.9481575328013725e-05	4.2590076384414194e-08	6.2432933062767833e-06
6.3000000000000000e-05	4.0791241215904616e-03	8.9803666029397622e-01	3.9975590449119788e-04	6.5770473172325566e-02	1.2547679342844706e-04	2.7254295347055178e-02	1.2358123682374730e-05	1.9857494561118911e-03	9.0859417576856480e-06	2.1028612943731393e-03	8.5402613409929114e-07	1.5407725823500095e-04	2.8141097922438076e-07	6.4238159368658424e-05	2.6633504311605468e-08	4.6820629774358284e-06
6.4999999999999994e-05	3.1695019321941057e-03	8.9769626368655553e-01	3.4501410152723496e-04	6.8503428633090002e-02	9.5388755960766034e-05	2.6569327475266934e-02	1.0444532248667193e-05	2.0155854256304140e-03	4.7340744409864382e-06	1.4342611101145842e-03	4.9143271194319410e-07	1.0949465050018795e-04	1.4328212806508301e-07	4.2668082269314122e-05	1.4998299302609756e-08	3.2378270534345215e-06
6.7000000000000002e-05	2.3483335488488559e-03	8.9740331637528736e-01	2.9105341138442495e-04	7.1131739181275522e-02	6.8812078342355177e-05	2.5736703955127949e-02	8.5859609731205161e-06	2.0263650070314354e-03	2.1047970872402366e-06	8.8508435262839324e-04	2.4809161072701474e-07	7.0177031934510933e-05	6.1791266618795498e-08	2.5406442922820376e-05	7.3539551537886930e-09	2.0006203147002351e-06
6.8999999999999997e-05	1.6334852152677050e-03	8.9712430061650439e-01	2.4035751983326751e-04	7.3640578912647456e-02	4.6434053469678226e-05	2.4768653243725916e-02	6.8787971657696716e-06	2.0177632302721053e-03	7.3575968093077568e-07	4.6842565096512508e-04	1.0407281311846765e-07	3.8447650697359702e-05	2.0688027747500271e-08	1.2771607905697188e-05	2.9525007717081683e-09	1.0400285143363382e-06
7.0999999999999991e-05	1.0394911979266566e-03	8.9683164723932851e-01	1.9529435877929042e-04	7.6015921143638948e-02	2.8643192914081011e-05	2.3678916938191501e-02	5.4006761295506899e-06	1.9899057253478600e-03	1.7275998340739914e-07	1.9306640358602499e-04	3.3388969265562142e-08	1.6337036924113967e-05	4.4380547270150461e-09	4.7651522575338294e-06	8.5780361950003226e-10	3.9949015592321347e-07
7.2999999999999999e-05	5.7728666944779916e-04	8.9650453583553513e-01	1.5800859639600049e-04	7.8244684609490217e-02	1.5532112592020593e-05	2.2482459153799879e-02	4.2053545679290499e-06	1.9433570335750060e-03	2.7960957828018197e-08	6.3234265523276107e-05	9.6101346632124389e-09	5.4693838245916655e-06	4.7274207307497256e-10	1.0954486658001988e-06	1.6865856329607637e-10	9.3324080101000892e-08
7.4999999999999993e-05	2.5405247182345525e-04	8.9612940278757469e-01	1.3032571048968288e-04	8.0314840946190069e-02	6.9196169614782388e-06	2.1195173164402076e-02	3.3199866305972044e-06	1.8790959273471428e-03	2.3494519435727647e-08	7.8535566930850389e-05	1.1121131113100681e-08	6.9703103470710080e-06	4.4225294430713660e-10	1.2215552688405390e-06	1.8925666181095007e-10	1.0670886477394396e-07
7.7000000000000001e-05	7.3164304409294531e-05	8.9570015077764020e-01	1.1367136225297023e-04	8.2215481109335964e-02	2.3885067159450651e-06	1.9833597084696147e-02	2.7448904416786467e-06	1.7984801134754542e-03	1.6373446139796538e-08	2.3406639412573580e-04	2.5192184734152067e-08	2.1401925854819105e-05	4.1960773136217108e-10	4.4125275555552604e-06	5.1782843927432090e-10	3.9850041973622257e-07
7.8999999999999996e-05	3.4235524752592839e-05	8.9521806714792884e-01	1.0900867595725563e-04	8.3936841882121083e-02	1.3349674849483425e-06	1.8414648476713012e-02	2.4556524866309399e-06	1.7032028570789779e-03	3.1501829353265787e-09	5.2069814093483281e-04	5.0249360330047458e-08	4.8729236820731686e-05	2.0352081600850374e-10	9.8163207315677783e-06	1.0461512469154310e-09	9.0646776557076138e-07
8.0999999999999990e-05	1.3324100336920656e-04	8.9469147097405954e-01	1.1679502221544728e-04	8.5470296869990317e-02	3.0251740820760806e-06	1.6955385168223126e-02	2.4072216631495559e-06	1.5952439462886799e-03	1.0526522887420972e-07	9.2552327179503638e-04	9.6031975885660308e-08	8.8319768466047014e-05	2.0120199519545329e-09	1.6532098194645568e-05	1.8836990067529397e-09	1.5542887202951199e-06
8.2999999999999998e-05	3.6270937157710742e-04	8.9413511917374588e-01	1.3695908893136114e-04	8.6808319057908229e-02	6.6548779658409326e-06	1.5472796595101181e-02	2.5395046404680199e-06	1.4768170809193676e-03	5.3822699948765539e-07	1.4324377001367710e-03	1.8165954159166776e-07	1.3897600615127778e-04	8.9288623200276399e-09	2.3679992290337824e-05	3.2358267967833239e-09	2.2594993942552261e-06
8.4999999999999993e-05	7.1197236659875077e-04	8.9356940982673327e-01	1.6889844056414317e-04	8.7944423886164066e-02	1.1408123037861940e-05	1.3983626958779069e-02	2.7838903620097291e-06	1.3503152941259421e-03	1.5694344323843113e-06	2.0228283868704293e-03	3.3194944046659089e-07	1.9899807774762093e-04	2.3458105180599883e-08	3.0463091738169063e-05	5.2726343834588316e-09	2.9415426569980744e-06
8.7000000000000001e-05	1.1674624416675437e-03	8.9301942582821570e-01	2.1149739047783851e-04	8.8873102753376690e-02	1.6511747056754940e-05	1.2504228732225807e-02	3.0700986964241102e-06	1.2182554992369707e-03	3.4704520510380435e-06	2.6763291703418572e-03	5.7258335416338821e-07	2.6627216758479068e-04	4.6470805109656171e-08	3.6217534385762246e-05	8.0233301581713619e-09	3.5291071828317739e-06
8.8999999999999995e-05	1.7130528609700210e-03	8.9251386402228994e-01	2.6316477000838114e-04	8.9589756860249836e-02	2.1282885603883092e-05	1.1050442797272205e-02	3.3327585143830933e-06	1.0832227851887328e-03	6.4698216928894945e-06	3.3716049081982794e-03	9.2488179952643603e-07	3.3837861342920551e-04	7.6713282126983008e-08	4.0447923724692800e-05	1.1321352194432045e-08	3.9660764133308662e-06
9.0999999999999989e-05	2.3304375579171117e-03	8.9208389431866930e-01	3.2189096458761250e-04	9.0090640443253253e-02	2.5167250061829440e-05	9.6374999085955208e-03	3.5171667056741372e-06	9.4781473779494716e-04	1.0712074489718020e-05	4.0871239524486874e-03	1.4009934315630340e-06	4.1271259086657868e-04	1.1091469323775968e-07	4.2846720357171065e-05	1.4811044338270949e-08	4.2155950715786196e-06
9.2999999999999997e-05	2.9995505237405654e-03	8.9176199045624205e-01	3.8532328398016970e-04	9.0372820871215315e-02	2.7766485096111461e-05	8.2799373163432669e-03	3.5837573104818286e-06	8.1458588971827707e-04	1.6227588827080525e-05	4.8018817400634732e-03	2.0002363968939783e-06	4.8660979273035997e-04	1.4440830643144563e-07	4.3297653816761571e-05	1.8010947411692401e-08	4.2619852553463734e-06
9.4999999999999992e-05	3.6990259153147696e-03	8.9158076965892596e-01	4.5085823750714085e-04	9.0434160998713306e-02	2.8853440521109489e-05	6.9915242140188953e-03	3.5109171608167838e-06	6.8599241867222749e-04	2.2916475368521316e-05	5.4960435631921092e-03	2.7071558853761674e-06	5.5746957920031520e-04	1.7208685613643626e-07	4.1864444227930582e-05	2.0415329176892951e-08	4.1104790955070195e-06
9.7000000000000000e-05	4.4067000736721347e-03	8.9157187311370734e-01	5.1574853291320739e-04	9.0273326818740340e-02	2.8374751472310007e-05	5.7851901167337043e-03	3.2959204697582000e-06	5.6433740992361408e-04	3.0547943764237398e-05	6.1514818734423674e-03	3.4916114632505230e-06	6.2286867763959412e-04	1.8946147964468019e-07	3.8767131156818516e-05	2.1607270540666232e-08	3.7849561399119347e-06
9.8999999999999994e-05	5.1001550643010700e-03	8.9176491364719979e-01	5.7722160569319584e-04	8.9889821057279454e-02	2.6440745698722830e-05	4.6729511811764374e-03	2.9539173774955745e-06	4.5171733762114228e-04	3.8774817774544254e-05	6.7521921030689229e-03	4.3109161634055009e-06	6.8065957942708944e-04	1.9359114226290983e-07	3.4349021330039981e-05	2.1354999732378000e-08	3.3240597358768424e-06
1.0100000000000000e-04	5.7573002363049738e-03	8.9218651174886243e-01	6.3260528118646837e-04	8.9284041098110431e-02	2.3303408833688251e-05	3.6658307020805908e-03	2.5150938491668438e-06	3.4997084159409981e-04	4.7161212349372262e-05	7.2845801902222326e-03	5.1137584524232570e-06	7.2904920642952631e-04	1.8369160708606821e-07	2.9037660677990659e-05	1.9668231744760444e-08	2.7762011973373141e-06
1.0300000000000000e-04	6.3569839128721677e-03	8.9285943659242906e-01	6.7945491149054679e-04	8.8457357665029560e-02	1.9323930405007193e-05	2.7737714195395485e-03	2.0203093062753950e-06	2.6063131190794423e-04	5.5220039796511535e-05	7.7376239954943101e-03	5.8453896743326142e-06	7.6665506593566501e-04	1.6130880087195847e-07	2.3303312707112524e-05	1.6801549938659521e-08	2.1940330495264153e-06
1.0499999999999999e-04	6.8796221249393550e-03	8.9380186515615778e-01	7.1567520628144205e-04	8.7412209114342707e-02	1.4932181560273457e-05	2.0055387326967582e-03	1.5156938935986703e-06	1.8488516970745726e-04	6.2456102373195709e-05	8.1029188676962436e-03	6.4533887355546484e-06	7.9253782638194893e-04	1.3003451246439409e-07	1.7618216131133684e-05	1.3204757560260604e-08	1.6289798219579356e-06
1.0700000000000000e-04	7.3078258863940792e-03	8.9502676994848196e-01	7.3962921353883787e-04	8.6152205043590613e-02	1.0581260573189473e-05	1.3686153578736416e-03	1.0468243430296237e-06	1.2353798274030654e-04	6.8410128920202466e-05	8.3746241527198357e-03	6.8932462503077738e-06	8.0621087179975535e-04	9.4834198316337084e-08	1.2419455340962139e-05	9.4325129895578517e-09	1.1263607128328582e-06
1.0899999999999999e-04	7.6270035719965571e-03	8.9654144403587899e-01	7.5022671843267554e-04	8.4682232199389348e-02	6.7008779022406787e-06	8.6908934539204046e-04	6.5317026684092137e-07	7.6990623852118829e-05	7.2699233462883875e-05	8.5493320049162096e-03	7.1330500822451410e-06	8.0762879082232647e-04	6.1129963317973684e-08	8.0776794553733656e-06	6.0345499294505336e-09	7.2153362742242116e-07
1.1100000000000000e-04	7.8259111983167984e-03	8.9834717073090953e-01	7.4698488325860993e-04	8.3008555335071219e-02	3.6537226705338977e-06	5.1153865425764716e-04	3.6349069692491283e-07	4.5227536084322142e-05	7.5049862255191095e-05	8.6258822203285242e-03	7.1566942056979336e-06	7.9715781861201948e-04	3.3823607678822682e-08	4.8732280539724821e-06	3.4513863270475810e-09	4.3735027533653564e-07
1.1300000000000000e-04	7.8971214509172029e-03	9.0043904404040120e-01	7.3005532809164734e-04	8.1138905682644077e-02	1.6989528618806779e-06	2.9891666038680225e-04	1.9275413026627651e-07	2.7818796601739661e-05	7.5320250189386763e-05	8.6051469387614515e-03	6.9652488143919044e-06	7.7553191469871996e-04	1.6448658959531139e-08	2.9805392689798814e-06	1.9380259624122948e-09	2.8305553715668395e-07
1.1499999999999999e-04	7.8373826218937868e-03	9.0280594440288786e-01	7.0021401516408646e-04	7.9082550023250972e-02	9.6651382616087162e-07	2.3244401687352187e-04	1.4096024436208985e-07	2.3937085006215708e-05	7.3510593435610730e-05	8.4898071267246432e-03	6.5763865875267469e-06	7.4379841598975626e-04	1.0607708295370511e-08	2.4610902536720632e-06	1.5306165644479981e-09	2.5460952868794021e-07
1.1700000000000000e-04	7.6478414726802698e-03	9.0543067203594385e-01	6.5881308864712757e-04	7.6850333941541546e-02	1.4451010574933140e-06	3.1151314756901362e-04	1.9398108975121102e-07	3.2389894076418164e-05	6.9760418202645700e-05	8.2841390917491129e-03	6.0220184721515767e-06	7.0325709265493580e-04	1.5790188138507094e-08	3.2645920569232541e-06	2.0604217358787791e-09	3.3627363948934761e-07
1.1899999999999999e-04	7.3341094014586885e-03	9.0829023717251145e-01	6.0769696060199185e-04	7.4454693727485852e-02	2.9852985205441007e-06	5.3361226484402262e-04	3.2625217698773757e-07	5.1666427524314381e-05	6.4333851968404363e-05	7.9938243507704874e-03	5.3445150401185005e-06	6.5539603769783274e-04	2.9588989930422319e-08	5.2377477796960074e-06	3.2085051480463407e-09	5.0319411507986054e-07
1.2100000000000000e-04	6.9061588731480477e-03	9.1135630256145694e-01	5.4908806901280490e-04	7.1909632553438449e-02	5.3178660352580317e-06	8.9427606267039410e-04	5.0487633720408968e-07	7.9997681363520428e-05	5.7594575676617993e-05	7.6257905176493179e-03	4.5920473040968471e-06	6.0182724768665296e-04	4.8257300618184798e-08	8.1395796243277346e-06	4.5858575921111278e-09	7.2464542755541353e-07
1.2299999999999998e-04	6.3780463007772816e-03	9.1459576898900308e-01	4.8545048289243151e-04	6.9230658014595353e-02	8.0854968913570817e-06	1.3870700417245353e-03	6.9450199071067049e-07	1.1542728528861611e-04	4.9973078519606064e-05	7.1880850507971914e-03	3.8136565911325888e-06	5.4422411839898143e-04	6.7484318121250661e-08	1.1662115974270532e-05	5.8192359795030970e-09	9.6756299077658104e-07
1.2500000000000000e-04	5.7674676810842576e-03	9.1797148954744767e-01	4.1934154271605547e-04	6.6434679870181174e-02	1.0884829514517005e-05	2.0036146814106201e-03	8.6223865713173408e-07	1.5588987436044433e-04	4.1929408409030937e-05	6.6897782549708348e-03	3.0546526708389338e-06	4.8426248892983174e-04	8.3231368631989451e-08	1.5455075632704516e-05	6.6234842031058875e-09	1.1999991514367564e-06
1.2700000000000000e-04	5.0951633924871979e-03	9.2144309335101893e-01	3.5326274152499393e-04	6.3539868819382644e-02	1.3314282780166518e-05	2.7336543304325805e-03	9.8189391543544135e-07	1.9929315117481875e-04	3.3914894064446454e-05	6.1408873439544112e-03	2.3528511525543092e-06	4.2356639691728897e-04	9.2464523085159969e-08	1.9153067056169520e-05	6.8460562533394459e-09	1.3941735474577724e-06
1.2899999999999999e-04	4.3841977467769678e-03	9.2496789484028885e-01	2.8952094480679414e-04	6.0565479303108453e-02	1.5022565536261580e-05	3.5651737515316091e-03	1.0369526458494028e-06	2.4359945286686092e-04	2.6336309142141593e-05	5.5523100285975648e-03	1.7360133279910962e-06	3.6365939390554355e-04	9.3646200248506590e-08	2.2403721073084663e-05	6.4772996545732503e-09	1.5288528788384722e-06
1.3099999999999999e-04	3.6591463172069936e-03	9.2850186117316713e-01	2.3010983977392739e-04	5.7531641505711287e-02	1.5752593045810096e-05	4.4845628153440354e-03	1.0219445211479247e-06	2.8690260142573621e-04	1.9525666373983253e-05	4.9357542578098851e-03	1.2206686068982323e-06	3.0592211152869294e-04	8.6900680739557948e-08	2.4895097334586186e-05	5.6286368605038615e-09	1.5908788182979709e-06
1.3300000000000001e-04	2.9452290930911621e-03	9.3200060783828531e-01	1.7661936700482967e-04	5.4459129767396412e-02	1.5376047072159318e-05	5.4768270644090511e-03	9.4211661123254534e-07	3.2749610533555829e-04	1.3718290790250482e-05	4.3036505239712553e-03	8.1230853546792290e-07	2.5155672982723267e-04	7.3836412055359320e-08	2.6380664949844036e-05	4.4879550978647780e-09	1.5757583395520397e-06
1.3500000000000000e-04	2.2674297313243818e-03	9.3542039178276870e-01	1.3017810493503397e-04	5.1369116317383778e-02	1.3914873235094983e-05	6.5258390043213708e-03	8.1159513641315400e-07	3.6392937638537440e-04	9.0410578324254605e-06	3.6690345102779842e-03	5.0676816222158708e-07	2.0155901950288197e-04	5.7078085591166384e-08	2.6700185357823767e-05	3.2656676084212640e-09	1.4873296097347722e-06
1.3700000000000000e-04	1.6496404735445139e-03	9.3871907210072458e-01	9.1430502690288223e-05	4.8282920417008331e-02	1.1547472076040286e-05	7.6146223131842543e-03	6.5043803243200115e-07	3.9504947392237559e-04	5.5117429463117791e-06	3.0453906176921815e-03	2.9247708711911539e-07	1.5669864337999027e-04	3.9619942077317235e-08	2.5794952682730790e-05	2.1453263969340788e-09	1.3366097474621775e-06
1.3899999999999999e-04	1.1138688521182580e-03	9.4185701059749760e-01	6.0547852331483951e-05	4.5221763513364092e-02	8.5990093228384117e-06	8.7256589881302624e-03	4.8111489294857818e-07	4.2002690683453606e-04	3.0493826775460480e-06	2.4464507447431731e-03	1.5318398129383482e-07	1.1750834918041779e-04	2.4147052680898619e-08	2.3716099010874391e-05	1.2496397991313222e-09	1.1400092102835757e-06
1.4099999999999998e-04	6.7953656109567872e-04	9.4479788809550591e-01	3.7269278307172357e-05	4.2206540759647013e-02	5.5169277046017705e-06	9.8412080274061786e-03	3.2498799272218540e-07	4.3836510882801238e-04	1.4944817783253100e-06	1.8859471888659808e-03	7.0741288401742615e-08	8.4282525799239303e-05	1.2476372620353368e-08	2.0625058643839615e-05	6.2741437670446227e-10	9.1715333801392079e-07
1.4300000000000001e-04	3.6289346924242496e-04	9.4750941683086531e-01	2.0967036340127048e-05	3.9257618244955599e-02	2.8341857955370406e-06	1.0943623759240149e-02	1.9931162214476956e-07	4.4989424701448834e-04	6.3691828587343860e-07	1.3773232262063368e-03	2.7578730952213996e-08	5.7085314870911950e-05	5.2430990193872238e-09	1.6785794041926160e-05	2.6091300981584545e-10	6.8857876308313554e-07
1.4500000000000000e-04	1.7656148063250948e-04	9.4996393428373704e-01	1.0729184915474216e-05	3.6394663560656675e-02	1.1238245609952939e-06	1.2015662446260974e-02	1.1513707423525224e-07	4.5475092830319280e-04	2.4860247702818674e-07	9.3340934140854061e-04	8.5843256997103517e-09	3.5768082027903540e-05	1.9054844287124830e-09	1.2548981756869728e-05	8.8024225665609413e-11	4.7356834064556953e-07
1.4700000000000000e-04	1.2921462525224852e-04	9.5213886884369558e-01	5.4522368499374700e-06	3.3636515052597904e-02	9.4908235142384531e-07	1.3040767264092876e-02	7.6337450269202048e-08	4.5334605579467013e-04	1.1742619241793485e-07	5.6607680559326364e-04	2.2327291174852111e-09	1.9995593671903752e-05	1.0732061644476097e-09	8.3289856609660210e-06	3.0681015969208359e-11	2.8835416504046624e-07
1.4899999999999999e-04	2.2539416107132779e-04	9.5401707241612776e-01	3.9366346523460956e-06	3.1001092465359079e-02	2.8134297488912980e-06	1.4003324001761320e-02	7.9782842440022727e-08	4.4632351347465336e-04	7.8858667959038921e-08	2.8588302138263867e-04	9.3244072424083303e-10	9.2797645000829178e-06	1.0942117214948321e-09	4.5750438605189590e-06	2.0669200627421007e-11	1.4485921428087845e-07
1.5099999999999998e-04	4.6545123398836403e-04	9.5558701908200228e-01	4.9786684877468815e-06	2.8505348906705561e-02	7.1146276770788359e-06	1.4888882588382764e-02	1.1653147537872556e-07	4.3451251347618195e-04	4.1728341756588762e-08	1.0172457628685318e-04	6.8532892068467548e-10	3.0193905642520269e-06	7.7652429076779794e-10	1.7386022277453192e-06	1.6090703696373555e-11	5.0072423869907230e-08
1.5300000000000001e-04	8.4560522130523827e-04	9.5684287199838614e-01	7.4535786129499187e-06	2.6165261384138890e-02	1.4106322645207838e-05	1.5684342483321650e-02	1.7377685604366583e-07	4.1887635222685380e-04	5.2607421060177237e-09	2.0514216081240283e-05	2.4696907372142366e-10	5.4390772463967680e-07	8.6263939402640568e-11	2.3908967886920081e-07	5.4505769554868552e-12	6.0695789558857959e-09
1.5500000000000000e-04	1.3581034871579620e-03	9.5778442277429798e-01	1.0385860725622928e-05	2.3995854807428649e-02	2.3869900679851886e-05	1.6378102729353992e-02	2.3721563454066703e-07	4.0046004406639241e-04	6.5267152929338550e-08	4.6897046185612567e-05	3.2749094342653892e-11	1.1589480566100256e-06	6.5807686191185266e-10	4.3061434497186400e-07	4.4846456027123974e-13	1.0613623880174430e-08
1.5699999999999999e-04	1.9914678584142232e-03	9.5841690862671469e-01	1.3004054413213101e-05	2.2011252484503620e-02	3.6298441821795950e-05	1.6960179747631237e-02	2.9347703172803888e-07	3.8033890493702091e-04	4.0841666862817529e-07	1.8301938002701832e-04	1.0275436228887165e-09	4.1913230026511305e-06	5.9806493905459392e-09	2.5720528006675278e-06	2.1915154286999953e-11	5.8201907761607445e-08
1.5899999999999999e-04	2.7308143984357256e-03	9.5875071290465330e-01	1.4778420547851217e-05	2.0224744876440909e-02	5.1093741911104566e-05	1.7422297511637604e-02	3.3227659904663568e-07	3.5956972119489283e-04	1.2946799327287885e-06	4.2836104477549580e-04	3.9274219144293616e-09	9.0310427668377147e-06	2.1173864595377951e-08	6.8028133752221804e-06	8.5082310640884489e-11	1.4138134336060452e-07
1.6099999999999998e-04	3.5582355248359211e-03	9.5880095436979829e-01	1.5440839370327504e-05	1.8648867765236551e-02	6.7776554425215505e-05	1.7757955441414230e-02	3.4801501525861995e-07	3.3914572946103417e-04	3.0292074170848183e-06	7.7963893149438990e-04	8.6772806590008366e-09	1.5168076713899179e-05	5.2346712916275230e-08	1.3126201156239333e-05	1.9013086892230357e-10	2.5212952069610711e-07
1.6300000000000000e-04	4.4532365627238260e-03	9.5858697031936380e-01	1.4986980836854948e-05	1.7295481001735731e-02	8.5709472230998746e-05	1.7962479192970122e-02	3.4062570481628960e-07	3.1995630637210226e-04	5.9260045638739646e-06	1.2307864441370095e-03	1.4479464580350455e-08	2.2221754280464730e-05	1.0560452092828301e-07	2.1401827397840343e-05	3.2188867143541565e-10	3.8310179267138253e-07
1.6500000000000000e-04	5.3932217724540375e-03	9.5813169863220593e-01	1.3661354076364398e-05	1.6175839556584370e-02	1.0413120812674861e-04	1.8033058578019692e-02	3.1557311981915185e-07	3.0275205309667326e-04	1.0266705233392190e-05	1.7730105323913352e-03	2.0248833945829938e-08	2.9960985492715341e-05	1.8584733260919657e-07	3.1347923632608232e-05	4.5926507319252458e-10	5.2857011854648229e-07
1.6699999999999999e-04	6.3540271045772513e-03	9.5746096448094631e-01	1.1926306296540483e-05	1.5300649565991944e-02	1.2220042054555320e-04	1.7968775326119360e-02	2.8300781140221412e-07	2.8811586445079906e-04	1.6258447319645561e-05	2.3949254001020153e-03	2.5393948386850871e-08	3.8313834615016568e-05	2.9555570097951801e-07	4.2553774193973657e-05	5.9145024228519707e-10	6.8492591391042953e-07
1.6899999999999999e-04	7.3104979018480737e-03	9.5660267906077812e-01	1.0416496665212070e-05	1.4680103294711859e-02	1.3904664673403006e-04	1.7770621546306375e-02	2.5618722351927498e-07	2.7644057851905989e-04	2.3995251377817084e-05	3.0827598995809050e-03	3.0726543474581183e-08	4.7365406321226276e-05	4.3378510383149661e-07	5.4501801576300865e-05	7.3509154556095155e-10	8.5068160194547557e-07
1.7099999999999998e-04	8.2371091686906841e-03	9.5558596038679666e-01	9.8808904237882931e-06	1.4323888279199858e-02	1.5382534981037434e-04	1.7441507832800074e-02	2.4936486227697634e-07	2.6791387276932187e-04	3.3427333716623675e-05	3.8206341018717188e-03	3.9255441096859913e-08	5.7343503689011015e-05	5.9557864272175020e-07	6.6598157926428542e-05	9.4546531893135801e-10	1.0259778767074716e-06
1.7300000000000000e-04	9.1086237792976418e-03	9.5444018999084113e-01	1.1114945973318793e-05	1.4241167235566114e-02	1.6577358859400706e-04	1.6986258247868861e-02	2.7542670063790990e-07	2.6251115721055295e-04	4.4342400627130059e-05	4.5908995360676580e-03	5.6616857045872837e-08	6.8592097000238215e-05	7.7195757777684265e-07	7.8210025742535760e-05	1.3155982867927024e-09	1.2116784604590829e-06
1.7500000000000000e-04	9.9007802643313655e-03	9.5319402401881048e-01	1.4886402653862946e-05	1.4440526532758654e-02	1.7426244298399379e-04	1.6411588114658513e-02	3.4360287438699509e-07	2.5999726024373703e-04	5.6362142382711138e-05	5.3745369989255101e-03	9.0936609502170934e-08	8.1533306024215714e-05	9.5056470374505804e-07	8.8707248894258803e-05	1.9603306427676826e-09	1.4082027994539677e-06
1.7699999999999999e-04	1.0590997003736540e-02	9.5187438244232581e-01	2.1858869233177861e-05	1.4929892108608308e-02	1.7884216082854763e-04	1.5726059802514864e-02	4.5759516063154505e-07	2.5993765831280934e-04	6.8955881207212946e-05	6.1516054652881094e-03	1.5201032134730733e-07	9.6619343284003577e-05	1.1169273906396300e-06	9.7505444569556226e-05	2.9868170279697063e-09	1.6143003861927075e-06
1.7899999999999999e-04	1.1159074345750374e-02	9.5050544537602610e-01	3.2518164961481055e-05	1.5716412669386295e-02	1.7927613018927467e-04	1.4940011545556292e-02	6.1442835913405329e-07	2.6171982717346622e-04	8.1471683188144207e-05	6.9017352523685340e-03	2.4981639828954308e-07	1.1427667594064057e-04	1.2561922668472458e-06	1.0410743566113534e-04	4.4577642903257499e-09	1.8259989952422678e-06
1.8099999999999998e-04	1.1587871071258136e-02	9.4910769027102149e-01	4.7106942519350726e-05	1.6806310936996707e-02	1.7556030306494278e-04	1.4065454784302017e-02	8.0425292887238602e-07	2.6458496824228062e-04	9.3183338489982007e-05	7.6046579644206405e-03	3.9252532391303361e-07	1.3484550543332567e-04	1.3550831582372512e-06	1.0813974022899971e-04	6.3573479729786915e-09	2.0359552474020849e-06
1.8300000000000000e-04	1.1863927460312777e-02	9.4769700744518692e-01	6.5573374813610261e-05	1.8204704699567465e-02	1.6792564089415906e-04	1.3115936482177569e-02	1.0112007353942252e-06	2.6766988609312493e-04	1.0334963104772861e-04	8.2407646479389293e-03	5.8431147707165547e-07	1.5851848115628077e-04	1.4037697711355371e-06	1.0938100309648332e-04	8.5708755110385461e-09	2.2333948399559153e-06
1.8500000000000000e-04	1.1978004668566763e-02	9.4628393345259421e-01	8.7539473766272120e-05	1.9915400596704335e-02	1.5682249373184958e-04	1.2106364228718464e-02	1.2152383461210952e-06	2.7005818233212747e-04	1.1128049824833208e-04	8.7916818627531840e-03	8.2337922664031281e-07	1.8528327858877996e-04	1.3973243614977296e-06	1.0777968333242920e-04	1.0887071674496589e-08	2.4047516430616380e-06
1.8699999999999999e-04	1.1925509721425764e-02	9.4487304171831077e-01	1.1229382399413928e-04	2.1940665023861609e-02	1.4288746547013329e-04	1.1052793571938779e-02	1.3947949265502669e-06	2.7083922694530141e-04	1.1640329436905230e-04	9.2408529663225367e-03	1.1006532914301326e-06	2.1487418437319560e-04	1.3364958600187834e-06	1.0345902629513243e-04	1.3026486243160516e-08	2.5350061161250810e-06
1.8899999999999999e-04	1.1706777514762791e-02	9.4346252734186931e-01	1.3881211481513758e-04	2.4280978313266807e-02	1.2689508812550765e-04	9.9721788046175479e-03	1.5297930781010780e-06	2.6917262842460015e-04	1.1832168190696954e-04	9.5741089020522970e-03	1.3995322286396360e-06	2.4673802863528813e-04	1.2276414153533854e-06	9.6708325139237457e-05	1.4692183060690841e-08	2.6095974663268026e-06
1.9099999999999998e-04	1.1327185858666589e-02	9.4204401785413860e-01	1.6580687869232816e-04	2.6934780407303311e-02	1.0969830927336120e-04	8.8820902648479635e-03	1.6046113266957417e-06	2.6435521902148972e-04	1.1685988778861712e-04	9.7802094252417947e-03	1.6969570130765276e-06	2.8001957563442842e-04	1.0818059272807723e-06	8.7960653373353405e-05	1.5631655129746512e-08	2.6166600818633796e-06
1.9300000000000000e-04	1.0797086639343463e-02	9.4060263405459954e-01	1.9180542061968968e-04	2.9898218459057817e-02	9.2163150284075459e-05	7.8004030244329852e-03	1.6104820400060871e-06	2.5588697863821109e-04	1.1208627391097489e-04	9.8513324045251954e-03	1.9658186166638943e-06	3.1357073237072390e-04	9.1310121931796893e-07	7.7758529912285679e-05	1.5694213914172229e-08	2.5492361999284449e-06
1.9500000000000000e-04	1.0131545179841817e-02	9.3911731513082741e-01	2.1525226245160960e-04	3.3164908957889282e-02	7.5103704047517906e-05	6.7449635691940952e-03	1.5468924228685815e-06	2.4353191708448144e-04	1.0431233253504758e-04	9.7834861523948546e-03	2.1784561474943490e-06	3.4598660515080675e-04	7.3667293088549537e-07	6.6710232684455759e-05	1.4867811883147685e-08	2.4070665679910554e-06
1.9699999999999999e-04	9.3498902182677038e-03	9.3756141054979436e-01	2.3462980427363454e-04	3.6725728795214879e-02	5.9223758031738167e-05	5.7332426646688273e-03	1.4217064221547935e-06	2.2736978824119305e-04	9.4066110197625375e-05	9.5768182949434923e-03	2.3107349751521217e-06	3.7566953240033261e-04	5.6662287827656768e-07	5.5440558585763064e-05	1.3283998669813884e-08	2.1975770889982299e-06
1.9899999999999999e-04	8.4750878063641222e-03	9.3590352837707924e-01	2.4858862886404314e-04	4.0568650826139335e-02	4.5070696170329494e-05	4.7819839790812918e-03	1.2499410075122503e-06	2.0783467263161932e-04	8.2042320799827307e-05	9.2357951093055609e-03	2.3460041153163679e-06	4.0091983506036690e-04	4.1425713514362231e-07	4.4540587563546174e-05	1.1188425922887782e-08	1.9357702386427667e-06
2.0099999999999998e-04	7.5329629961370563e-03	9.3410861653664667e-01	2.5607724310494726e-04	4.4678639620753038e-02	3.3006007004612075e-05	3.9068591126834107e-03	1.0513746533638136e-06	1.8573696312110721e-04	6.9034557264829893e-05	8.7692280429450577e-03	2.2781684520628871e-06	4.2004933073355537e-04	2.8695303996067610e-07	3.4521319190260923e-05	8.8844322209543287e-09	1.6428898202315738e-06
2.0300000000000000e-04	6.5513025618558502e-03	9.3213924097107070e-01	2.5646030674605181e-04	4.9037621969695737e-02	2.3194868346193712e-05	3.1221403486254920e-03	8.4739294538707421e-07	1.6226611544470492e-04	5.5857552065050227e-05	8.1901295622749549e-03	2.1132061317087060e-06	4.3151091635587911e-04	1.8779913133069662e-07	2.5775828173448632e-05	6.6654428252049230e-09	1.3439356778740553e-06
