9.9999999999999995e-07	7.8750121609151734e-05	9.9968449728702868e-01	2.1153152719178890e-07	7.8904400856291915e-05	6.2818152042987884e-09	7.8844646590350658e-05	1.7219110436904278e-11	6.2231530363026349e-09	8.1291943449538139e-09	7.8758911798345777e-05	1.9954760753012688e-11	6.2163862866358110e-09	6.9804798190668456e-13	6.2116785033855085e-09	1.6200738612732994e-15	4.9028347744305128e-13
3.0000000000000001e-06	3.1253183766420277e-04	9.9874435117002991e-01	9.1682449818971758e-07	3.1499081012441397e-04	9.8741377321362621e-08	3.1403691161335480e-04	2.9687555788027935e-10	9.9043100308204691e-08	1.0529734387418111e-07	3.1267173707814737e-04	3.3860682484509653e-10	9.8612563235121775e-08	3.4062431975384951e-11	9.8313947827685241e-08	1.0941297107871847e-13	3.1006927813677343e-11
4.9999999999999996e-06	6.9402787568354103e-04	9.9719846647681487e-01	2.3214607067091801e-06	7.0639682097461845e-04	4.9003819781613386e-07	7.0158591426287798e-04	1.6770019648779347e-09	4.9699024904202433e-07	4.9938041636812395e-07	6.9472987505438762e-04	1.8697562340858333e-09	4.9213390574905186e-07	3.5651798138634739e-10	4.8878286671720226e-07	1.3487112782259086e-12	3.4624471949534861e-10
6.9999999999999999e-06	1.2113341382499127e-03	9.9507775429399248e-01	4.7468692078119446e-06	1.2500772771955662e-03	1.5081075480173126e-06	1.2349523137233345e-03	6.0301398067108228e-09	1.5514207380455368e-06	1.5032393637260826e-06	1.2135254037121783e-03	6.5494329891413837e-09	1.5245057320382546e-06	1.8834053471640063e-09	1.5060672359385105e-06	8.3125092910051210e-12	1.8920129753550736e-09
9.0000000000000002e-06	1.8483822546238426e-03	9.9242426117905325e-01	8.6002370730229753e-06	1.9418889411884112e-03	3.5590651705921679e-06	1.9052107376340370e-03	1.6851828545769347e-08	3.7279400563051889e-06	3.4886679824353642e-06	1.8536469232347677e-03	1.7807597287399590e-08	3.6270590833464808e-06	6.7449444471798194e-09	3.5585925215064876e-06	3.4876823210935542e-11	6.9631341206873113e-09
1.1000000000000000e-05	2.5855032120683679e-03	9.8928999789001326e-01	1.4335679961947144e-05	2.7767020615001858e-03	7.0803113461866743e-06	2.7012661101225022e-03	3.9856264531146867e-08	7.5817711075729588e-06	6.8300661159967435e-06	2.5962071960288066e-03	4.0966780031145979e-08	7.2869532185646425e-06	1.8757512213530476e-08	7.0891565714459103e-06	1.1387656642858100e-10	1.9897514619151760e-08
1.2999999999999999e-05	3.4001064201408357e-03	9.8573551216446265e-01	2.2409638673388662e-05	3.7485324581870275e-03	1.2488285090205490e-05	3.6101138190836150e-03	8.3399268788920926e-08	1.3728317722516170e-05	1.1844779911851686e-05	3.4194782987142461e-03	8.3378280517038722e-08	1.3003558280683719e-05	4.3597666853971183e-08	1.2523948752232075e-05	3.1030676495485150e-10	4.7625460388073497e-08
1.4999999999999999e-05	4.2674442710335554e-03	9.8182825838945398e-01	3.3233882647903705e-05	4.8506867014800571e-03	2.0125822681694033e-05	4.6171321271126914e-03	1.5855780501434145e-07	2.2810370329254279e-05	1.8737485581556837e-05	4.2996060431433622e-03	1.5413949206858059e-07	2.1242153832088141e-05	8.8516481397772755e-08	2.0220904037472025e-05	7.3551445545961688e-10	9.9899376275176666e-08
1.7000000000000000e-05	5.1614298565625149e-03	9.7764082249706263e-01	4.7129652600619637e-05	6.0759124096967741e-03	3.0214114948398181e-05	5.7063945268383256e-03	2.7873618497740280e-07	3.5463499623731265e-05	2.7555542301163895e-05	5.2113733058348263e-03	2.6330905290007208e-07	3.2388250121898781e-05	1.6152848364999812e-07	3.0422147293696125e-05	1.5576906478979618e-09	1.8906570600210840e-07
1.8999999999999998e-05	6.0554750281698730e-03	9.7324906295782532e-01	6.4286361400081628e-05	7.4165456560090137e-03	4.2813840048364873e-05	6.8609898855780558e-03	4.5873646040610874e-07	5.2281188453110826e-05	3.8160966770618300e-05	6.1289816556018440e-03	4.2063694238728126e-07	4.6705749297926122e-05	2.7013269263777179e-07	4.3214898485630992e-05	3.0026762073538311e-09	3.2930359214494192e-07
2.0999999999999999e-05	6.9233173219958189e-03	9.6873022839776712e-01	8.4727917155596035e-05	8.8646479322885656e-03	5.7799221913231789e-05	8.0633391604905350e-03	7.1331479545491514e-07	7.3781172422268226e-05	5.0222748621419278e-05	7.0268221567180893e-03	6.3393556880800774e-07	6.4301854437329449e-05	4.1974602422530485e-07	5.8504445735807585e-05	5.3394674283266354e-09	5.3533460177204505e-07
2.3000000000000000e-05	7.7398071605578817e-03	9.6416110939843558e-01	1.0828917613503450e-04	1.0412126019700534e-02	7.4847614755912514e-05	9.2954990741499488e-03	1.0553345166825080e-06	1.0037431354259098e-04	6.3230870898659737e-05	7.8802091828798701e-03	9.0731408576564042e-07	8.5101143163841957e-05	6.1212384390262035e-07	7.6001732422980914e-05	8.8472373197054681e-09	8.2069367808667791e-07
2.4999999999999998e-05	8.4816308259720603e-03	9.5961627687214912e-01	1.3460432936435808e-04	1.2050829381122835e-02	9.3445853018157897e-05	1.0539445252167920e-02	1.4937067278098615e-06	1.3233714032658144e-04	7.6530906958681172e-05	8.6660551381140417e-03	1.2395619062264088e-06	1.0883059879795947e-04	8.4408583209312000e-07	9.5226851658571939e-05	1.3764948689362406e-08	1.1957309397980062e-06
2.6999999999999999e-05	9.1279495557735398e-03	9.5516645256258426e-01	1.6310823549623983e-04	1.3772621222995645e-02	1.1291315963967907e-04	1.1777329737201428e-02	2.0313684470249978e-06	1.6978897493556135e-04	8.9375727278052889e-05	9.3634687202439216e-03	1.6229841535171104e-06	1.3501668931785958e-04	1.1068448249205460e-06	1.1552841181054231e-04	2.0229850758842357e-08	1.6655754519587871e-06
2.9000000000000000e-05	9.6609403043440688e-03	9.5087704928234451e-01	1.9305089337980880e-04	1.5569421068322308e-02	1.3243900058661429e-04	1.2991710292442253e-02	2.6635764244620139e-06	2.1267435420930717e-04	1.0098893350216207e-04	9.9542643453110063e-03	2.0429551045571520e-06	1.6299485554085690e-04	1.3861521839449203e-06	1.3611744406405327e-04	2.8215977103884887e-08	2.2283262686112714e-06
3.1000000000000001e-05	1.0066228831566146e-02	9.4680691004213624e-01	2.2352445448808447e-04	1.7433218432803755e-02	1.5113302693342217e-04	1.4165751283519833e-02	3.3767863797343173e-06	2.6075125303394719e-04	1.1063335214115902e-04	1.0423375174838195e-02	2.4783684229516664e-06	1.9193106135098612e-04	1.6633391521568647e-06	1.5611336955183403e-04	3.7486724095880220e-08	2.8737369644991171e-06
3.2999999999999996e-05	1.0333210480901186e-02	9.4300726677878777e-01	2.5350145203777966e-04	1.9356058904366591e-02	1.6808325467299642e-04	1.5283397994698729e-02	4.1483414130360175e-06	3.1358544563278774e-04	1.1767739684180923e-04	1.0759166518169194e-02	2.9030371148935263e-06	2.2085440752395310e-04	1.9171740288413378e-06	1.7459861257130378e-04	4.7575500228619038e-08	3.5826257459802199e-06
3.4999999999999997e-05	1.0455258037929708e-02	9.3952093139215664e-01	2.8188230271542657e-04	2.1330005507055317e-02	1.8241796814355766e-04	1.6329527843973901e-02	4.9471137941113546e-06	3.7055119599165514e-04	1.2165238531067008e-04	1.0953649979754291e-02	3.2879508443273478e-06	2.4869924291008843e-04	2.1263003580298280e-06	1.9067779766149335e-04	5.7804783175973385e-08	4.3271766244964644e-06
3.6999999999999998e-05	1.0429819269193100e-02	9.3638172458087032e-01	3.0754963918955714e-04	2.3347079613352809e-02	1.9336653752460563e-04	1.7290083008971998e-02	5.7351397256515212e-06	4.3083834889480683e-04	1.2229492265850803e-04	1.1002601453954109e-02	3.6041567723240427e-06	2.7435473817124536e-04	2.2719021586872383e-06	2.0353713681820745e-04	6.7347088336531923e-08	5.0722046628813137e-06
3.8999999999999999e-05	1.0258409088901249e-02	9.3361414172549306e-01	3.2942666769719681e-04	2.5399186800827218e-02	2.0031442635018369e-04	1.8152189409514262e-02	6.4701690161007475e-06	4.9346578844539828e-04	1.1957010414940471e-04	1.0905587913353670e-02	3.8259159447773047e-06	2.9671952511231981e-04	2.3401828339768504e-06	2.1249960984752063e-04	7.5322623147016055e-08	5.7773498979013665e-06
4.1000000000000000e-05	9.9465028442986669e-03	9.3123324988293632e-01	3.4653651803281352e-04	2.7478033891567583e-02	2.0284811517484703e-04	1.8904266813492856e-02	7.1089349811483574e-06	5.5730112834050311e-04	1.1367335193264055e-04	1.0665908963511566e-02	3.9337203061084345e-06	3.1475875029252640e-04	2.3242579515776718e-06	2.1707185509359960e-04	8.0919706147224760e-08	6.4000523891636933e-06
4.2999999999999995e-05	9.5033380844929839e-03	9.2924480579560931e-01	3.5805946168154351e-04	2.9575043941961927e-02	2.0078644101513435e-04	1.9536134089806995e-02	7.6108488688812292e-06	6.2108638333528048e-04	1.0501094954826781e-04	1.0290459497817449e-02	3.9167485751368795e-06	3.2756074365401474e-04	2.2251478699689743e-06	2.1697929017732798e-04	8.3517497746032178e-08	6.8990580953606911e-06
4.4999999999999996e-05	8.9416325710377983e-03	9.2764558156336419e-01	3.6338491408415653e-04	3.1681276153384202e-02	1.9419588661317541e-04	2.0039112418208872e-02	7.9417509432858875e-06	6.8346923167988841e-04	9.4161531327921529e-05	9.7895196830421159e-03	3.7743962338126464e-06	3.3439045982604969e-04	2.0516995998001439e-06	2.1218682801566350e-04	8.2788009903354795e-08	7.2381246368153177e-06
4.6999999999999997e-05	8.2772264152540832e-03	9.2642388209718229e-01	3.6215530543311718e-04	3.3787357548317631e-02	1.8338857036029197e-04	2.0406127708456095e-02	8.0773174512482658e-06	7.4303930549983737e-04	8.1822693157457095e-05	9.1764781655591220e-03	3.5166295757802412e-06	3.3473691161789562e-04	1.8194426182271657e-06	2.0290358452331727e-04	7.8756694868748844e-08	7.3895483061443342e-06
4.8999999999999998e-05	7.5286562977392828e-03	9.2556023646453489e-01	3.5429919791551696e-04	3.5883432806752942e-02	1.6890299710504335e-04	2.0631811732097379e-02	8.0057351991253191e-06	7.9836873811763346e-04	6.8748326414215142e-05	8.4674940327839707e-03	3.1630708164778501e-06	3.2835198423976380e-04	1.5485587129351437e-06	1.8957112299209796e-04	7.1807985484699492e-08	7.3371266008610771e-06
5.1000000000000000e-05	6.7166699218228409e-03	9.2502824354309265e-01	3.4005144298676046e-04	3.7959137897813050e-02	1.5146893641566602e-04	2.0712599694420540e-02	7.7293143845691404e-06	8.4805595986308887e-04	5.5683103588285412e-05	7.6811028886270690e-03	2.7408983938587303e-06	3.1527829868596572e-04	1.2612894180461612e-06	1.7283597036900033e-04	6.2632634825127416e-08	7.0782074920438423e-06
5.3000000000000001e-05	5.8636893083480572e-03	9.2479555084673226e-01	3.1995870564822997e-04	4.0003602093626224e-02	1.3195900216575454e-04	2.0646820337361083e-02	7.2648111396866254e-06	8.9077148070105562e-04	4.3300693536720507e-05	6.8377725524760525e-03	2.2818178002034591e-06	2.9586418679419178e-04	9.7919041298714959e-07	1.5350829183415350e-04	5.2125348821971086e-08	6.6245560833773745e-06
5.4999999999999995e-05	4.9932323253850767e-03	9.2482494384961444e-01	2.9486932557983177e-04	4.2005481648656320e-02	1.1133052507461146e-04	2.0434773320966524e-02	6.6423641112011577e-06	9.2530414998375659e-04	3.2151757656058990e-05	5.9594144541588786e-03	1.8184977367245040e-06	2.7076434906055232e-04	7.2065556998587776e-07	1.3250964047925939e-04	4.1251403444559852e-08	6.0018845718110223e-06
5.6999999999999996e-05	4.1293029662680756e-03	9.2507552154783357e-01	2.6590722275413915e-04	4.3953026911809898e-02	9.0562059099193317e-05	2.0078787712945700e-02	5.9031000749235576e-06	9.5060616717493416e-04	2.2626643456899911e-05	5.0688577907018785e-03	1.3809522520400562e-06	2.4092538368412238e-04	4.9907302958176299e-07	1.1081353056950899e-04	3.0907312625604043e-08	5.2480310425217614e-06
5.8999999999999998e-05	3.2957622785107911e-03	9.2550393236993433e-01	2.3443036464910333e-04	4.5834182967392299e-02	7.0589281956676497e-05	1.9583255021275909e-02	5.0956148503935394e-06	9.6583496144130910e-04	1.4936075064152718e-05	4.1892948854375467e-03	9.9336736181241912e-07	2.0755608722289838e-04	3.2185434617426033e-07	8.9383147528299210e-05	2.1801624641868860e-08	4.4099214136400007e-06
6.0999999999999999e-05	2.5156933814185593e-03	9.2606564295048577e-01	2.0197516027001367e-04	4.7636722144510590e-02	5.2245101233132519e-05	1.8954630390706613e-02	4.2716694497138664e-06	9.7038999061312104e-04	9.1112115354135259e-06	3.3437078364148801e-03	6.7181570669976206e-07	1.7208320879243610e-04	1.9041906240892320e-07	6.9110753096539524e-05	1.4377270258423135e-08	3.5395894443984110e-06
6.3000000000000000e-05	1.8107755230410364e-03	9.2671621084512490e-01	1.7018898982841977e-04	4.9348404975393875e-02	3.6208449697916386e-05	1.8201396360181230e-02	3.4815405009753923e-06	9.6394255457493011e-04	5.0224017217903480e-06	2.5542883007404556e-03	4.2318102992348041e-07	1.3609415486155423e-04	1.0105110928902639e-07	5.0763239900772250e-05	8.7876026099976917e-09	2.6896447021059407e-06
6.4999999999999994e-05	1.2006834219191358e-03	9.2741253116356548e-01	1.4075386670255014e-04	5.0957164513662778e-02	2.2965565913610615e-05	1.7333984905589666e-02	2.7695150411132366e-06	9.4645688984617247e-04	2.4140156690822474e-06	1.8418639436864341e-03	2.4544171507421526e-07	1.0126894407828281e-04	4.6400784003999243e-08	3.4937832836200917e-05	4.9265032687872715e-09	1.9086524987003818e-06
6.7000000000000002e-05	7.0252901411142754e-04	9.2811402652322339e-01	1.1530490371759515e-04	5.2451307441455139e-02	1.2786558715750522e-05	1.6364655284576153e-02	2.1700146917486251e-06	9.1820111505336842e-04	9.5107381314772198e-07	1.2253464822151363e-03	1.2926347063066952e-07	6.9304447263582764e-05	1.7312018630297193e-08	2.2031152102179416e-05	2.5014264158883092e-09	1.2369121585136990e-06
6.8999999999999997e-05	3.3036299499278430e-04	9.2878374987424006e-01	9.5347761922204020e-05	5.3819724196130111e-02	5.7188241445694650e-06	1.5307327329880636e-02	1.7047716788021632e-06	8.7974702247065680e-04	2.7219423391373320e-07	7.2121717537554299e-04	6.0654407291418339e-08	4.1834559398622720e-05	4.6245162847578420e-09	1.2223801177736046e-05	1.1296891460116662e-09	7.0308575462558019e-07
7.0999999999999991e-05	9.4753058124008582e-05	9.2938937078734607e-01	8.2179545264278553e-05	5.5052099521231586e-02	1.5975207573743261e-06	1.4177372145967633e-02	1.3813650514990909e-06	8.3195823699901497e-04	4.2758032081699440e-08	3.4306588963548500e-04	2.4270797430377640e-08	2.0350382745167733e-05	6.3674814769884074e-10	5.4814057494117954e-06	4.3463956667416614e-10	3.2204092423865376e-07
7.2999999999999999e-05	2.4543935467320527e-06	9.2990401785470689e-01	7.6817628540488042e-05	5.6139114464215337e-02	7.1927922483002700e-08	1.2991364473077293e-02	1.1932725111321009e-06	7.7596685727042392e-04	2.2194918758603993e-09	1.0119937182876999e-04	6.8545473457226892e-09	6.1247058045927311e-06	8.6335162319797096e-12	1.5717096873063183e-06	1.2028790981157185e-10	9.4137941138522713e-08
7.4999999999999993e-05	5.6185785124373858e-05	9.3030695299437161e-01	7.9940645250614519e-05	5.7072630952766629e-02	6.4522975387528628e-07	1.1766803112441215e-02	1.1214195525299749e-06	7.1313931148071232e-04	1.6265033407845028e-10	2.3330317663993733e-06	2.5188542188478351e-10	1.4500812413864614e-07	1.1362911895087874e-11	9.6045135962536753e-08	9.9265400896301160e-12	6.0284212266368136e-09
7.7000000000000001e-05	2.5452158434911099e-04	9.3058405766037700e-01	9.1845314298669473e-05	5.7845850699431940e-02	2.7241958846293446e-06	1.0521807587616606e-02	1.1370343553995553e-06	6.4503275573333867e-04	1.6964660381959132e-08	4.9378374832918353e-05	3.5141892434043902e-09	3.0588912908628445e-06	1.6951102975901404e-10	5.3234853243970258e-07	4.4333850753437451e-11	3.2860617783472898e-08
7.8999999999999996e-05	5.9190605301888985e-04	9.3072811615292417e-01	1.1242197127615689e-04	5.8453441293264789e-02	5.6744626429214298e-06	9.2748005083125116e-03	1.2054656087279279e-06	5.7334386784373950e-04	1.6664289961385068e-07	2.4133530709478547e-04	2.3711111372085313e-08	1.5135239191357461e-05	1.4598014366004360e-09	2.2859936757676522e-06	2.4575573607446265e-10	1.4162559306548272e-07
8.0999999999999990e-05	1.0587922421727088e-03	9.3073888722906195e-01	1.4115063639842573e-04	5.8891623883809155e-02	8.8767207364205975e-06	8.0441858031116854e-03	1.2905102524914734e-06	4.9985230255729580e-04	6.8146061011431356e-07	5.7329500308032834e-04	7.5276030159541946e-08	3.6243576254942708e-05	5.3087640006550474e-09	4.7441351565618768e-06	6.6230883835125354e-10	2.9524970890961561e-07
8.2999999999999998e-05	1.6419029447847697e-03	9.3062296179923876e-01	1.7711826310311398e-04	5.9158218759893445e-02	1.1779121003866939e-05	6.8480330433747464e-03	1.3587428938269312e-06	4.2636134251307752e-04	1.8799345333277257e-06	1.0365550762208272e-03	1.7792727395036820e-07	6.5853073035191984e-05	1.2654239545802156e-08	7.3290483468723180e-06	1.3116732945054605e-09	4.5695788585684444e-07
8.4999999999999993e-05	2.3246065930194468e-03	9.3039341137276355e-01	2.1905655076561039e-04	5.9252647257942458e-02	1.3941614108199381e-05	5.7037774928611323e-03	1.3833452718959533e-06	3.5463838376303893e-04	4.1218042193963295e-06	1.6188446589649986e-03	3.5343238889524960e-07	1.0305151377095692e-04	2.3300944548580521e-08	9.5461285333669567e-06	2.1419805672281111e-09	5.9440871677656027e-07
8.7000000000000001e-05	3.0873965452327158e-03	9.3006923876952563e-01	2.6539846256588048e-04	5.9175890666558748e-02	1.5068703046823292e-05	4.6279443395276986e-03	1.3470014946548658e-06	2.8635783109195832e-04	7.7550737258768603e-06	2.3046529357021854e-03	6.2167263506991935e-07	1.4658337153023099e-04	3.5717536352687678e-08	1.1022748761860284e-05	3.0220466808454344e-09	6.8313903267237020e-07
8.8999999999999995e-05	3.9084582865773912e-03	9.2967464912397868e-01	3.1435045625377090e-04	5.8930408981479075e-02	1.5028137114190977e-05	3.6359038983249186e-03	1.2435439288904692e-06	2.2304875793972828e-04	1.3061243694683764e-05	3.0756509222957468e-03	9.9659076159601385e-07	1.9490501796552367e-04	4.7310802878995592e-08	1.1535018294053027e-05	3.7641794005242968e-09	7.0894642320649207e-07
9.0999999999999989e-05	4.7643058751735594e-03	9.2923816506712509e-01	3.6397649421262966e-04	5.8520024365586280e-02	1.3854316323966078e-05	2.7416625552680526e-03	1.0781901201798184e-06	1.6604933325494307e-04	2.0205191825132903e-05	3.9111930673373175e-03	1.4826458202005405e-06	2.4625410702825914e-04	5.5096268646410406e-08	1.1020550336243595e-05	4.1731265611480729e-09	6.6897120759374958e-07
9.2999999999999997e-05	5.6304666707436358e-03	9.2879161492068718e-01	4.1228921668605813e-04	5.7949775854413250e-02	1.1736495656290765e-05	1.9576920174861085e-03	8.6638307619098072e-07	1.1646956848670445e-04	2.9195779958209147e-05	4.7888827291835056e-03	2.0723458529179393e-06	2.9872938367523467e-04	5.6588661851560377e-08	9.5765413869543060e-06	4.1069224282672547e-09	5.7139713811682558e-07
9.4999999999999992e-05	6.4821920802676861e-03	9.2836902657231601e-01	4.5734328325656759e-04	5.7225753114647136e-02	8.9931645063785800e-06	1.2947972159513799e-03	6.3141408807545906e-07	7.5163433806320007e-05	3.9862193119222347e-05	5.6851838630404255e-03	2.7452885846937245e-06	3.5037663004099090e-04	5.0680694502170124e-08	7.4436813224573929e-06	3.5315096032715748e-09	4.3385286332728971e-07
9.7000000000000000e-05	7.2951717636767490e-03	9.2800546229007252e-01	4.9732583215004230e-04	5.6354917839648327e-02	6.0351208898962971e-06	7.6202114767913985e-04	4.0114856684782440e-07	4.2710876706244951e-05	5.1849355722086571e-05	6.5760603669785967e-03	3.4689313770274800e-06	3.9927620113338876e-04	3.8276082908232465e-08	4.9775530536413685e-06	2.5520978675688630e-09	2.8074417961676194e-07
9.8999999999999994e-05	8.0462294041206781e-03	9.2773583102380019e-01	5.3063926803855171e-04	5.5344921616703673e-02	3.3206709026922935e-06	3.6658319500904973e-04	2.0427446463690523e-07	1.9409788354900241e-05	6.4633697956170699e-05	7.4376244485430303e-03	4.2010652181146825e-06	4.4362762492507728e-04	2.2493208619999677e-08	2.6101554879225171e-06	1.4099914792192658e-09	1.3986329099761045e-07
1.0100000000000000e-04	8.7139796383031726e-03	9.2759371474874031e-01	5.5597213600494804e-04	5.4203928828142116e-02	1.3069933337039009e-06	1.1384614434398522e-04	6.6538813103781211e-08	5.2775363463054674e-06	7.7558287703274160e-05	8.2467759879307333e-03	4.8937203057086961e-06	4.8182703088694100e-04	8.3486595766889798e-09	8.0492470442706094e-07	4.4256615556168028e-10	3.8693231585613280e-08
1.0300000000000000e-04	9.2794278900113665e-03	9.2761024421565963e-01	5.7235462186295508e-04	5.2940452390732001e-02	4.0197630738039805e-07	7.3063306455793942e-06	7.4267254579383509e-09	6.1339609559450998e-08	8.9884153123096026e-05	8.9818160483108398e-03	5.4980202330316737e-06	5.1253369130329414e-04	1.9454967370357998e-09	9.0894237677316237e-09	1.3868139532997282e-11	8.4670406622569203e-10
1.0499999999999999e-04	9.7264974538313689e-03	9.2781305721411345e-01	5.7919617317979584e-04	5.1563208963522497e-02	9.2074541657210588e-07	4.8601099196669546e-05	3.7671968980933733e-08	3.2565135865824436e-06	1.0085274876725228e-04	9.6230192534363327e-03	5.9693599414545901e-06	5.3472266270353393e-04	9.3049090428522095e-09	6.0735551428323023e-07	4.3138168577023235e-10	4.3048548129371768e-08
1.0700000000000000e-04	1.0042471031438819e-02	9.2822536929551480e-01	5.7630379046286792e-04	5.0080998755526310e-02	3.0506768508345671e-06	2.3752810010357032e-04	1.5787843567836777e-07	1.4131461220511313e-05	1.0975318223511261e-04	1.0153151550253070e-02	6.2722309843713829e-06	5.4772134474449015e-04	3.5067487134174220e-08	2.8807705432214529e-06	1.8687528328880517e-09	1.7299546443427150e-07
1.0899999999999999e-04	1.0218336843368109e-02	9.2886518301821053e-01	5.6388062326091315e-04	4.8502613348245023e-02	6.8279650355310346e-06	5.7207176820315349e-04	3.5839200784913004e-07	3.1758217584392801e-05	1.1598717907934325e-04	1.0557921752435369e-02	6.3840638548744844e-06	5.5122867364407766e-04	8.1332353846647494e-08	6.9741932737112982e-06	4.3135392921358146e-09	3.8831592333496400e-07
1.1100000000000000e-04	1.0249032275424475e-02	9.2974465734274181e-01	5.4250555611528597e-04	4.6836773127416235e-02	1.2127852847781531e-05	1.0484336074265445e-03	6.2040994283655111e-07	5.5047355229764186e-05	1.1912490264818625e-04	1.0826357109373784e-02	6.2975936733121620e-06	5.4531658282993135e-04	1.4688873441177355e-07	1.2875120898597465e-05	7.5535247509014375e-09	6.7672119173981649e-07
1.1300000000000000e-04	1.0133580671277743e-02	9.3086965398118460e-01	5.1309542870799335e-04	4.5092094105254554e-02	1.8669508863388066e-05	1.6610644783902572e-03	9.1816832910749488e-07	8.2786101174111328e-05	1.1894565530433537e-04	1.0951094901861221e-02	6.0214611201156609e-06	5.3041424749202481e-04	2.2702655530760416e-07	2.0405757753669407e-05	1.1206164749636682e-08	1.0173005857039357e-06
1.1499999999999999e-04	9.8751193065356492e-03	9.3223947242581851e-01	4.7685235942210725e-04	4.3277082212321558e-02	2.6035334797758311e-05	2.4026988416615200e-03	1.2219244158916653e-06	1.1367858147403529e-04	1.1545907100565312e-04	1.0928583719635104e-02	5.5790035737844343e-06	5.0727644325304958e-04	3.1400299063042706e-07	2.9229201741006788e-05	1.4785561455909637e-08	1.3827858109185766e-06
1.1700000000000000e-04	9.4808187820457565e-03	9.3384678016026579e-01	4.3519930058625586e-04	4.1400151636825928e-02	3.3703295643775831e-05	3.2643926833144997e-03	1.5013635102295342e-06	1.4638717443115162e-04	1.0890449075536831e-04	1.0759189662601663e-02	5.0054352865609415e-06	4.7693806183481444e-04	3.9811212151111781e-07	3.8869543903662977e-05	1.7792524711667341e-08	1.7425043675331140e-06
1.1899999999999999e-04	8.9616961044695614e-03	9.3567773927953124e-01	3.8970742737666963e-04	3.9469662561218810e-02	4.1089772106855183e-05	4.2355684866071776e-03	1.7290188511907590e-06	1.7957400261361508e-04	9.9728557587567079e-05	1.0447204297014201e-02	4.3438241687757588e-06	4.4065741576380224e-04	4.6918128425534372e-07	4.8744592178227413e-05	1.9807937242661583e-08	2.0656713098163441e-06
1.2100000000000000e-04	8.3323256553798127e-03	9.3771232548873684e-01	3.4201924125322231e-04	3.7493972744666718e-02	4.7599521058818776e-05	5.3040719628385724e-03	1.8833010857448453e-06	2.1194161806770563e-04	8.8543411185828044e-05	1.0000752877192671e-02	3.6404168026397941e-06	3.9985141345515374e-04	5.1822585234131748e-07	5.8208914280916494e-05	2.0569070722818536e-08	2.3246390919218528e-06
1.2299999999999998e-04	7.6104541680426102e-03	9.3992483028393659e-01	2.9377135166699025e-04	3.5481496858280795e-02	5.2678665837054444e-05	6.4562461814817122e-03	1.9507895932551766e-06	2.4227193338640206e-04	7.6069938849612941e-05	9.4316031966542174e-03	2.9399239288905802e-06	3.5602598389465319e-04	5.3895379920975803e-07	6.6604018697541455e-05	2.0012756435346202e-08	2.4977392149642792e-06
1.2500000000000000e-04	6.8165278024734993e-03	9.4228453211815955e-01	2.4652079187325964e-04	3.3440767310575499e-02	5.5866280628827214e-05	7.6770291371082199e-03	1.9275334346693641e-06	2.6946243064272454e-04	6.3072115684110873e-05	8.7548775211749516e-03	2.2813504762862533e-06	3.1070526890490289e-04	5.2883201000480669e-07	7.3311824983991118e-05	1.8277260279450670e-08	2.5714046305321846e-06
1.2700000000000000e-04	5.9731414728595731e-03	9.4475651761150803e-01	2.0167843667378332e-04	3.1380490496691511e-02	5.6840119394753474e-05	8.9500805868622264e-03	1.8192331452197340e-06	2.9255865425539910e-04	5.0289367597432019e-05	7.9886724026190289e-03	1.6948455487054488e-06	2.6536307656210091e-04	4.8950526918244432e-07	7.7807175124291894e-05	1.5664322421765485e-08	2.5413515897603730e-06
1.2899999999999999e-04	5.1044227328166467e-03	9.4730262948432975e-01	1.6045263740102432e-04	2.9309592941382884e-02	5.5452384572977579e-05	1.0257943159135823e-02	1.6403108515351369e-06	3.1078198093526768e-04	3.8374019486204095e-05	7.1535937488933880e-03	1.1998787543052869e-06	2.2135990184074224e-04	4.2648148000951336e-07	7.9705053147584949e-05	1.2571719595343287e-08	2.4127132766138427e-06
1.3099999999999999e-04	4.2353647103502527e-03	9.4988251400468415e-01	1.2380559309549716e-04	2.7237252641019102e-02	5.1752123047950527e-05	1.1582241292116479e-02	1.4120088127860394e-06	3.2355168013761500e-04	2.7840240235415434e-05	6.2722172515548230e-03	8.0484806788954308e-07	1.7988847546497098e-04	3.4813906302555248e-07	7.8798437800854461e-05	9.4127707262657466e-09	2.1991418033576761e-06
1.3300000000000001e-04	3.3911247057141652e-03	9.5245473748670539e-01	9.2424262764855225e-05	2.5172911987981064e-02	4.5991837667569953e-05	1.2903919581280751e-02	1.1597695371916381e-06	3.3050035085810115e-04	1.9029546627551505e-05	5.3684870192085149e-03	5.0802258214517945e-07	1.4193031141434496e-04	2.6424617894588609e-07	7.5083315086052192e-05	6.5410929254867775e-09	1.9210153247569997e-06
1.3500000000000000e-04	2.5963069828044095e-03	9.5497793890134597e-01	6.6706823828216930e-05	2.3126269914336185e-02	3.8617145318512045e-05	1.4203519718107134e-02	9.1023061349838558e-07	3.3148195978921854e-04	1.2096038398542578e-05	4.4670678656899493e-03	2.9955078591521772e-07	1.0822510760389658e-04	1.8427915260407944e-07	6.8768297043503418e-05	4.1963744010379655e-09	1.6029888326699064e-06
1.3700000000000000e-04	1.8742498351896029e-03	9.5741198410333872e-01	4.6764834078864022e-05	2.1107252244835527e-02	3.0239705417508765e-05	1.5461492551834526e-02	6.8820490593357381e-07	3.2657191946199293e-04	7.0123231137773086e-06	3.5926689710782762e-03	1.6414490027303527e-07	7.9254141307461592e-05	1.1586874883029081e-07	6.0267472607411204e-05	2.4808242837015767e-09	1.2711983822232763e-06
1.3899999999999999e-04	1.2463380223619563e-03	9.5971908665445949e-01	3.2440401392611851e-05	1.9125960622025612e-02	2.1595074101387128e-05	1.6658539098308979e-02	5.1400766379375820e-07	3.1605893185254188e-04	3.5948014170996045e-06	2.7693583853595685e-03	8.3998274217589433e-08	5.5238027136521073e-05	6.3678395770850420e-08	5.0176468792338718e-05	1.3679936550580794e-09	9.5046049078831004e-07
1.4099999999999998e-04	7.3136199533385205e-04	9.6186486081385836e-01	2.3336852818364699e-05	1.7192601678529804e-02	1.3488486409294072e-05	1.7775971769400514e-02	4.0143814363391042e-07	3.0042867219889029e-04	1.5448736567936376e-06	2.0198889149475462e-03	4.1508775059004655e-08	3.6148413285531462e-05	2.8931951119061987e-08	3.9233115274874006e-05	7.3791799333314714e-10	6.6179752626121732e-07
1.4300000000000001e-04	3.4494484140891159e-04	9.6381927400528877e-01	1.8860669086436930e-05	1.5317399307798317e-02	6.7327075988008237e-06	1.8796084918334701e-02	3.5663201094000855e-07	2.8033977938322305e-04	5.0092695532678837e-07	1.3650561972666641e-03	2.1458574970515561e-08	2.1732427386851856e-05	9.6767702332628721e-09	2.8265457410438530e-05	4.2691399525467732e-10	4.2056783953883647e-07
1.4500000000000000e-04	9.9056502810210861e-05	9.6555746893790362e-01	1.8271855847112708e-05	1.3510493858343549e-02	2.0829130669647758e-06	1.9702522187177184e-02	3.7788437583004664e-07	2.5659302555508702e-04	9.4847980598153819e-08	8.2310915854255759e-04	1.2422933564713924e-08	1.1547992992547865e-05	1.7168375423605833e-09	1.8131024175284617e-05	2.7812276344671418e-10	2.3539336474252101e-07
1.4700000000000000e-04	1.6325495931020940e-06	9.6706042947440496e-01	2.0739496903788687e-05	1.1781832794180453e-02	1.7396547415802825e-07	2.0480627261616584e-02	4.5641735346908392e-07	2.3009492625925476e-04	6.3946934702818931e-09	4.0923155779834356e-04	7.3250266743860989e-09	5.0075642154958849e-06	1.1126212552188254e-11	9.6521119543890679e-06	1.8033274276827143e-10	1.0796909610045720e-07
1.4899999999999999e-04	5.6311665231976923e-05	9.6831546917582989e-01	2.5399005671704807e-05	1.0141057788697940e-02	1.4654034457564450e-06	2.1117764589830466e-02	5.7794721655104742e-07	2.0181738946011934e-04	9.0865661379511288e-09	1.3511100303022349e-04	3.1962800908246828e-09	1.4274050851709732e-06	2.3292674325015077e-10	3.5523007740993344e-06	8.7075103249372060e-11	3.3722906962042836e-08
1.5099999999999998e-04	2.6230214782325950e-04	9.6931652702676618e-01	3.1407575162786131e-05	8.5973933317479000e-03	6.1989269422488987e-06	2.1603597444742131e-02	7.2481010160299252e-07	1.7275525637197453e-04	2.2942182377887158e-09	8.6088001341048884e-06	3.1982270868154732e-10	7.9297186375302285e-08	1.4768986681870454e-10	3.9942106281559040e-07	1.4056426510054483e-11	3.1862005153336598e-09
1.5300000000000001e-04	6.1438331089153303e-04	9.7006426094326470e-01	3.7994525955107838e-05	7.1595417309877583e-03	1.4372194403757163e-05	2.1930312367719348e-02	8.7834414891957441e-07	1.4388373402675158e-04	2.5809987138627629e-08	3.3540426571295696e-05	1.0117768723908056e-09	2.4150733512817378e-07	4.9886225113803526e-10	5.5972494149926723e-07	1.8947773394158913e-11	3.8502079191320612e-09
1.5500000000000000e-04	1.1030428982067879e-03	9.7056593605060537e-01	4.4503653081948225e-05	5.8355888980133721e-03	2.5731415102197493e-05	2.2092781420086912e-02	1.0212072213380088e-06	1.1611774343860506e-04	2.5518475834906523e-07	2.0957250906411532e-04	8.3220594640029865e-09	1.2459863420375204e-06	5.1879734094871442e-09	4.1671218535148697e-06	1.7181000061420228e-10	2.2230410320287770e-08
1.5699999999999999e-04	1.7147467465099481e-03	9.7083511114465149e-01	5.0425249707128726e-05	4.6329245644196153e-03	3.9783643798906183e-05	2.2088656616270835e-02	1.1393343030369756e-06	9.0275103677527391e-05	9.7830671819666880e-07	5.3223814344439274e-04	2.4912757119362802e-08	2.5190873008307291e-06	2.0678248745163532e-08	1.1110093488890861e-05	5.2599705789183020e-10	4.5848734186370929e-08
1.5899999999999999e-04	2.4323321868978398e-03	9.7089113298169150e-01	5.5416198802520527e-05	3.5581796239432702e-03	5.5828007568457608e-05	2.1918394199532228e-02	1.2233025630659117e-06	6.7045248554692432e-05	2.5558394663507652e-06	9.9306843938728041e-04	5.2305802666711394e-08	3.6135627838833497e-06	5.4711935413185083e-08	2.1037422695688339e-05	1.0980453305932291e-09	6.4870358278927711e-08
1.6099999999999998e-04	3.2355123081750179e-03	9.7075845386050985e-01	5.9307325591731568e-05	2.6171822065259366e-03	7.3003472336065922e-05	2.1585209799728357e-02	1.2689647831020212e-06	4.6964847297366288e-05	5.3700005126477036e-06	1.5798344990382498e-03	9.0597038539488009e-08	4.2301911498239680e-06	1.1457790314671480e-07	3.3382293946526550e-05	1.8614456789044555e-09	7.3194045878038646e-08
1.6300000000000000e-04	4.1014744247651900e-03	9.7046579318175741e-01	6.2098039631223000e-05	1.8149329274890374e-03	9.0349340863652921e-05	2.1094968728117548e-02	1.2773195143649855e-06	3.0401300656537792e-05	9.7675454734545062e-06	2.2768908094655330e-03	1.3862918155407483e-07	4.2280530447832452e-06	2.0526795112069353e-07	4.7402795601524018e-05	2.7545183718616925e-09	6.8881995727035301e-08
1.6500000000000000e-04	5.0055530667554721e-03	9.7004516814660657e-01	6.3939111145165376e-05	1.1555985915653690e-03	1.0687359599669299e-04	2.0456018480422861e-02	1.2536933643813540e-06	1.7544642038200457e-05	1.6003575978338794e-05	3.0656083634741896e-03	1.9452088255665980e-07	3.6231873991772607e-06	3.2789623103358947e-07	6.2235515643530454e-05	3.6983029607856763e-09	5.3914219298753076e-08
1.6699999999999999e-04	5.9219556562115075e-03	9.6953082238534860e-01	6.5105169532576258e-05	6.4252253709674932e-04	1.2162356055650807e-04	1.9678972738927120e-02	1.2064022285880423e-06	8.4079240217252722e-06	2.4192822669525352e-05	3.9248837898764547e-03	2.5637980995292188e-07	2.5760593753289028e-06	4.7871792643541801e-07	7.6957889649340608e-05	4.6176706970031334e-09	3.3349123534276202e-08
1.6899999999999999e-04	6.8245178084298365e-03	9.6895808402616779e-01	6.5959137294499523e-05	2.7824884460470647e-04	1.3375319253811871e-04	1.8776457646477021e-02	1.1451218151100809e-06	2.8357466412359350e-06	3.4274355369884464e-05	4.8317093881995047e-03	3.2299618084361552e-07	1.3689314870133104e-06	6.4897729471823403e-07	9.0654316161761989e-05	5.4584602402674155e-09	1.4052902676135388e-08
1.7099999999999998e-04	7.6874648948033536e-03	9.6836218650458850e-01	6.6911283963927957e-05	6.4556861737587398e-05	1.4258167750465063e-04	1.7762831796620318e-02	1.0792256077874882e-06	5.2021241732658610e-07	4.5994304345805624e-05	5.7617881891342451e-03	3.9432415240924939e-07	3.7480942638858890e-07	8.2566152397410437e-07	1.0248084404825304e-04	6.1953060762319033e-09	3.2148448703547550e-09
1.7300000000000000e-04	8.4861570640134311e-03	9.6777708628953318e-01	6.8375877449322343e-05	2.5019575546923930e-06	1.4763877840072849e-04	1.6653891243028230e-02	1.0163379934372001e-06	1.0232939779190226e-06	5.8909275914386988e-05	6.6901779228525577e-03	4.7160902171379003e-07	2.0108596894014293e-08	9.9306540888361731e-07	1.1172346084182228e-04	6.8282738761934959e-09	6.8871641920501691e-09
1.7500000000000000e-04	9.1977962307464873e-03	9.6723431170390683e-01	7.0728512408267582e-05	9.2458144365036230e-05	1.4869357437336119e-04	1.5466569944870353e-02	9.6130469099846071e-07	3.8043837957090065e-06	7.2410909055217894e-05	7.5919479629982375e-03	5.5709818662950791e-07	7.4353584729707571e-07	1.1349161611726190e-06	1.1784563360330483e-04	7.3702948910023765e-09	2.8774721193698083e-08
1.7699999999999999e-04	9.8020754614582071e-03	9.6676187620508724e-01	7.4267106963608529e-05	3.3415821182589334e-04	1.4576465123195857e-04	1.4218644559288359e-02	9.1570978674319740e-07	8.2516635580461475e-06	8.5769685183501420e-05	8.4428337978974741e-03	6.5336783403840994e-07	2.9538905185973009e-06	1.2366982920632845e-06	1.2052170555835792e-04	7.8304711088965038e-09	6.9455069836857508e-08
1.7899999999999999e-04	1.0281753551412554e-02	9.6638328793011652e-01	7.9179291484896409e-05	7.2672730800821597e-04	1.3911136475928216e-04	1.2928450539019157e-02	8.7798008688091868e-07	1.3715876367986907e-05	9.8193926018841983e-05	9.2198742350068866e-03	7.6238718263228085e-07	6.9895533313895024e-06	1.2877768605794056e-06	1.1965394078365687e-04	8.1996561484692768e-09	1.2613992951710546e-07
1.8099999999999998e-04	1.0623140231647071e-02	9.6611668506650261e-01	8.5518486823386416e-05	1.2687064634186046e-03	1.2920734672446476e-04	1.1614614291621734e-02	8.4402644145554065e-07	1.9545095674977889e-05	1.0889813965985112e-04	9.9020172589837398e-03	8.8451015012222562e-07	1.3082350240321530e-05	1.2829514994146798e-06	1.1537233099250574e-04	8.4439169743508955e-09	1.9300572774478939e-07
1.8300000000000000e-04	1.0816480220037306e-02	9.6597412373777181e-01	9.3190411979786041e-05	1.9580633603432543e-03	1.1669883213319178e-04	1.0295803914652835e-02	8.0829135631905554e-07	2.5119144385984114e-05	1.1717370997207234e-04	1.0470681159291655e-02	1.0176165554486518e-06	2.1328255357420362e-05	1.2231765914987422e-06	1.0801762561056587e-04	8.5088290813462140e-09	2.6203515730009678e-07
1.8500000000000000e-04	1.0856227119430378e-02	9.6596104163459540e-01	1.0195110527634939e-04	2.7921886621310784e-03	1.0235154330012549e-04	8.9904989372454839e-03	7.6501385719465702e-07	2.9882409147733590e-05	1.2245451410528024e-04	1.0910258185494593e-02	1.1566137410201804e-06	3.1667040750168194e-05	1.1153343925243466e-06	9.8109317061051993e-05	8.3339056232081850e-09	3.2423559306621632e-07
1.8699999999999999e-04	1.0741200891223520e-02	9.6607591660382675e-01	1.1141682416904339e-04	3.7678773841254673e-03	8.6990686479242001e-05	7.7167777463218413e-03	7.0949407621411187e-07	3.3373903346905248e-05	1.2437046075674713e-04	1.1208548594042623e-02	1.2934550627814783e-06	4.3872503641349629e-05	9.7111811654520395e-07	8.6301417805704854e-05	7.8729688157788676e-09	3.7104406306039206e-07
1.8899999999999999e-04	1.0474625263660385e-02	9.6631013484396600e-01	1.2108544367061594e-04	4.8812960485582002e-03	7.1439046102665839e-05	6.4921200904748616e-03	6.3914492586794806e-07	3.5253546937715722e-05	1.2278313915554720e-04	1.1357113587343219e-02	1.4177424598877011e-06	5.7554319759553896e-05	8.0523810353339431e-07	7.3329731003657280e-05	7.1140509315804105e-09	3.9569985483935033e-07
1.9099999999999998e-04	1.0064043982466962e-02	9.6664807825761689e-01	1.3036823899242899e-04	6.1279376501044026e-03	5.6458179369930036e-05	5.3332213247133812e-03	5.5415533427799695e-07	3.5323746017296272e-05	1.1779963521865340e-04	1.1351536425905692e-02	1.5178716230005243e-06	7.2171906650442830e-05	6.3327659736393052e-07	5.9954888524988491e-05	6.0921850344599410e-09	3.9436870724184233e-07
1.9300000000000000e-04	9.5211173229604856e-03	9.6706743489892577e-01	1.3863025105668360e-04	7.5025676912135793e-03	4.2697331500873018e-05	4.2558149212999921e-03	4.5765321554742547e-07	3.3545469998263546e-05	1.0976290568978900e-04	1.1191582057836654e-02	1.5825698556729949e-06	8.7059959676609699e-05	4.6956499501885473e-07	4.6905674751374016e-05	4.8903237058034372e-09	3.6683672897283403e-07
1.9500000000000000e-04	8.8613028216388799e-03	9.6753973036813123e-01	1.4523682968209048e-04	8.9991656480274476e-03	3.0653950258241675e-05	3.2745002098113576e-03	3.5533736844317128e-07	3.0048144216371088e-05	9.9219642746112505e-05	1.0881247105192251e-02	1.6025892102018638e-06	1.0146457953858913e-04	3.2543437597831804e-07	3.4827059326169822e-05	3.6270682146271516e-09	3.1665343815930524e-07
1.9699999999999999e-04	8.1034268149846340e-03	9.6803107152494394e-01	1.4960346278166506e-04	1.0610867120686934e-02	2.0648643096072332e-05	2.4025732578005507e-03	2.5463415492367797e-07	2.5132809480859160e-05	8.6869020290803703e-05	1.0428694104680319e-02	1.5722686452624272e-06	1.1458818312152166e-04	2.0810263276581287e-07	2.4236935132582277e-05	2.4338680852333167e-09	2.5068372811042619e-07
1.9899999999999999e-04	7.2691561360459416e-03	9.6850308714548716e-01	1.5124566277462849e-04	1.2329912533414053e-02	1.2816176731747024e-05	1.6518601533966832e-03	1.6351453992944244e-07	1.9268157698876089e-05	7.3497803396991109e-05	9.8460666090068819e-03	1.4906802504083680e-06	1.2564072439615929e-04	1.2032906851853327e-07	1.5494828699189973e-05	1.4276435424289155e-09	1.7811747764856803e-07
2.0099999999999998e-04	6.3823822176283752e-03	9.6891404332017472e-01	1.4982552173547597e-04	1.4147608517719864e-02	7.1127657767269282e-06	1.0325535602434847e-03	8.9168058127339750e-08	1.3079243814908915e-05	5.9908778193865063e-05	9.1491851369729683e-03	1.3621287198790459e-06	1.3389419728346128e-04	6.0817656530245727e-08	8.7848689205202674e-06	6.8635614264459658e-10	1.0907077372704736e-07
2.0300000000000000e-04	5.4685328332830727e-03	9.6922010472804343e-01	1.4519158673772682e-04	1.6054307990252377e-02	3.3385400322495196e-06	5.5305511826771127e-04	3.6763012958840463e-08	7.3289052624034978e-06	4.6850145398333429e-05	8.3571279550683723e-03	1.1958732760137618e-06	1.3873699586792961e-04	2.5213474830558287e-08	4.1141355576258068e-06	2.3437532329247911e-10	5.2982118841585733e-08
