1.2500000000000000e-01	4.4545556885799211e-04	9.9955207249633637e-01	2.6853586687627154e-08	3.6599648159885803e-07	1.4453526144577537e-07	7.5327821976797092e-07	1.6954183759330361e-07	1.0117294183187279e-06
3.7500000000000000e-01	2.3580648535707171e-03	9.9760892006433732e-01	3.5162809306461670e-07	3.2782603356086276e-07	1.5409191102044585e-06	1.4392058302529141e-05	1.7009105599663805e-06	1.4701739992865511e-05
6.2500000000000000e-01	6.4930490814176112e-03	9.9335705254698992e-01	1.9313976056652583e-06	1.2013019239232633e-06	4.2482808807879521e-06	5.8700459872212729e-05	7.0332059667843454e-06	7.6783725341400712e-05
8.7500000000000000e-01	1.3302127827936629e-02	9.8631894336410963e-01	7.6707533380085765e-06	1.7500195309260103e-05	1.9202459373195140e-05	1.7586123015730541e-04	6.6021377007452457e-06	1.5209203207361408e-04
1.1250000000000000e+00	2.2962552962334286e-02	9.7613740764308299e-01	2.1685334548113065e-05	9.0913028476881147e-05	6.0061180120635800e-05	6.7488348587775376e-04	2.6258709988590754e-06	4.9870494558643199e-05
1.3750000000000000e+00	3.5503743860985211e-02	9.6258690720977380e-01	4.2231131254516278e-05	2.4056365683456838e-04	8.0784508749964931e-05	1.3730021339827341e-03	5.1356878639709283e-05	1.2141061977503848e-04
1.6250000000000000e+00	5.0836180410004893e-02	9.4595486301457443e-01	7.8435890006260426e-05	4.4109612444422444e-04	1.6570877416959066e-04	1.9971117469377909e-03	4.0729219821596075e-05	4.8587482003718851e-04
1.8750000000000000e+00	6.8816092704321236e-02	9.2640997294467731e-01	1.2789062851011266e-04	7.2094282799771718e-04	2.9897316156081595e-04	3.3096789874716166e-03	1.4262820913858219e-05	3.0218592454223434e-04
2.1250000000000000e+00	8.9333876265919834e-02	9.0412697775233897e-01	1.7540227235379109e-04	1.0088573817236346e-03	3.2263053490283976e-04	4.5338128656053286e-03	1.5009399456007813e-04	3.4834893258984352e-04
2.3750000000000000e+00	1.1225042915092764e-01	8.7952822712072376e-01	2.4775528655513054e-04	1.2444156637631621e-03	5.2708458195306271e-04	5.2778223214959797e-03	8.3940758095311149e-05	8.4032511647986054e-04
2.6250000000000000e+00	1.3753195439677507e-01	8.5264335850474537e-01	3.1710627641868487e-04	1.4841040170428886e-03	7.2730890832436469e-04	6.6600131787078578e-03	5.0274028144438291e-05	5.8588068983505518e-04
2.8750000000000000e+00	1.6521160658702125e-01	8.2358960902062095e-01	3.7452608090192684e-04	1.6359982511570885e-03	7.1111118443741234e-04	7.5678290610529993e-03	2.8412294727454558e-04	6.2519686752687972e-04
3.1250000000000000e+00	1.9519537926881547e-01	7.9260426825569164e-01	4.6611287368588408e-04	1.6793263242502734e-03	1.0595287734312838e-03	7.8712832702184012e-03	9.3570899142861159e-05	1.0305303347592448e-03
3.3750000000000000e+00	2.2752929398376387e-01	7.5964574862533363e-01	5.1750081105612553e-04	1.6686648553833278e-03	1.1792069185427199e-03	8.6422018420282826e-03	1.3541006971548467e-04	6.8197289417191976e-04
3.6250000000000000e+00	2.6215983592052433e-01	7.2490760543046528e-01	5.8516492997197052e-04	1.5117488190296792e-03	1.0919339983380032e-03	8.5606787376808005e-03	3.9245043406872646e-04	7.9058172991565184e-04
3.8750000000000000e+00	2.9890101575709732e-01	6.8843241555978807e-01	6.7904317091039570e-04	1.2712389086628859e-03	1.5274636161425373e-03	8.2711424345976760e-03	2.8851714273309646e-05	8.8882883852145088e-04
4.1250000000000000e+00	3.3772480467151239e-01	6.5033423677414648e-01	7.3428372108637796e-04	9.5889812302481898e-04	1.2706661384238381e-03	8.0713351748396556e-03	2.9887334797051119e-04	6.0690204899039549e-04
4.3750000000000000e+00	3.7806389461239731e-01	6.1094036792978046e-01	9.1111173690003788e-04	5.9345549622035669e-04	1.2808449512398702e-03	7.1746736950699681e-03	2.8579559937899862e-04	7.4985597900570551e-04
4.6250000000000000e+00	4.1953308638805581e-01	5.7045003836261243e-01	1.0643644427812398e-03	2.9006366734115197e-04	1.4082994719781087e-03	6.7058732030591938e-03	2.2128933926673168e-05	5.2614553023765435e-04
4.8750000000000000e+00	4.6157110554779529e-01	5.2931584480497706e-01	1.3806152541528600e-03	8.2230430680505369e-05	8.8821083711935198e-04	5.8351567991828416e-03	3.3092239892076186e-04	5.9591392716558660e-04
5.1250000000000000e+00	5.0354272204055661e-01	4.8775376577134316e-01	1.7592288092357464e-03	3.9108179642883182e-05	1.0291388376856363e-03	5.2561688285219527e-03	7.1301908837048520e-05	5.4856562417174737e-04
5.3750000000000000e+00	5.4522677627024041e-01	4.4628754997350595e-01	2.2302269619282095e-03	1.6544154471236728e-04	6.7512668741676214e-04	4.9586904348908915e-03	8.3274656344127949e-05	3.7291347095397363e-04
5.6250000000000000e+00	5.8592109386875724e-01	4.0526684540973318e-01	2.8686503997539204e-03	4.0768416085058010e-04	4.2503478457001846e-04	4.2585679451692575e-03	1.5713027516423003e-04	6.9499315599420950e-04
5.8750000000000000e+00	6.2547718811574005e-01	3.6520854438882372e-01	3.4408409665330339e-03	7.1111346905842023e-04	3.9063856445196391e-04	4.3137722137904354e-03	3.6085710459241240e-05	4.2181657113776392e-04
6.1250000000000000e+00	6.6352104135040169e-01	3.2653709164944072e-01	4.1776539627775937e-03	1.0344529315486413e-03	1.1942469137329965e-04	4.1568337637175054e-03	3.2254515429477229e-05	4.2124713530552934e-04
6.3750000000000000e+00	6.9983022522787508e-01	2.8942434019402175e-01	4.8330262458065390e-03	1.2418203076469128e-03	8.6383264706156005e-05	3.7195813595011086e-03	8.0856882601273492e-05	7.8376651783464081e-04
6.6250000000000000e+00	7.3449738962825495e-01	2.5417769933454187e-01	5.4730121601839158e-03	1.4065021191123914e-03	2.9806149552511128e-05	3.9921766611149597e-03	5.4800906200066460e-05	3.6861304103240068e-04
6.8750000000000000e+00	7.6727182633787494e-01	2.2082076278513765e-01	6.1760099998716912e-03	1.4539898071708099e-03	4.2878169894329242e-05	3.8069955272073239e-03	1.1392043102103344e-06	4.2639816852704234e-04
7.1250000000000000e+00	7.9815948148326710e-01	1.8948308874106154e-01	6.7448783857552716e-03	1.3553611459012646e-03	1.1981490283945309e-04	3.2985869533171458e-03	8.4159939093152937e-05	7.5462844876057701e-04
7.3750000000000000e+00	8.2713131199880663e-01	1.6028070033748265e-01	7.3499724851377448e-03	1.2407419176416541e-03	1.8460753216887379e-04	3.4339737335333021e-03	7.9868507318906179e-05	2.9882348790591492e-04
7.6250000000000000e+00	8.5400015732614476e-01	1.3315175744813412e-01	7.9595178756386026e-03	1.0253096817523474e-03	4.0150297974052241e-04	3.1471343363253593e-03	2.0325854077593512e-05	2.9429449818370513e-04
7.8750000000000000e+00	8.7875173740828616e-01	1.0823125588588386e-01	8.4977864489759955e-03	7.7118175544972872e-04	5.8647098448344720e-04	2.4633545331007385e-03	9.6153623032431187e-05	6.0205936078524050e-04
8.1250000000000000e+00	9.0119477195430964e-01	8.5642631514478276e-02	9.0985042425306990e-03	5.7254891931007737e-04	7.8922606672820865e-04	2.3946114868980037e-03	9.6524776114846448e-05	2.1118103962892030e-04
8.3750000000000000e+00	9.2104894002683713e-01	6.5502142512806810e-02	9.6768462587343632e-03	3.7116836279864411e-04	1.1176899398189705e-03	2.1141413576516934e-03	5.8704712272768495e-05	1.1036682907831859e-04
8.6250000000000000e+00	9.3815122737126455e-01	4.8067803201718370e-02	1.0216026404265409e-02	2.7516574839037047e-04	1.3629627139523034e-03	1.4595693862812249e-03	1.0757875717374179e-04	3.5966641695274438e-04
8.8750000000000000e+00	9.5231443972389485e-01	3.3485507661875025e-02	1.0719913737781472e-02	2.8759764672429690e-04	1.6240061737259656e-03	1.2948341741079205e-03	9.2142975329260796e-05	1.8155790656051624e-04
9.1250000000000000e+00	9.6348743338610676e-01	2.1870196205197867e-02	1.1086009144548235e-02	3.6932439376089290e-04	1.8487158577457970e-03	1.2416097284363573e-03	8.5836896549283770e-05	1.0874387655202478e-05
9.3750000000000000e+00	9.7172769665020964e-01	1.3309619921769395e-02	1.1305312116574108e-02	5.3251975010152372e-04	1.9311426809550539e-03	9.9346638663677482e-04	1.2311583279564422e-04	7.7126660959630662e-05
9.6250000000000000e+00	9.7720043235881748e-01	7.6378343595420711e-03	1.1389441918016966e-02	6.8816877122034341e-04	1.9895943014588123e-03	8.5695565565061243e-04	1.2241442167347082e-04	1.1515821362409256e-04
9.8750000000000000e+00	9.8035216494226496e-01	4.3454406636188698e-03	1.1413710081093058e-02	8.0105264488064131e-04	2.0355332800510513e-03	8.3152774206447354e-04	1.1327016289800127e-04	1.0730048313273372e-04
