1.0000000000000001e-05	9.9008280082670286e-01	2.2640262308918817e-03	2.7628097891360124e-03	6.3162499745304222e-06	2.5638601671086423e-03	5.8627788683032573e-06	7.1540972551386175e-06	1.6355448574571297e-08	2.2895542043650670e-03	5.2355133345243756e-06	6.3890144646606324e-06	1.4606311278764127e-08	5.9300211462120812e-06	1.3560128751238315e-08	1.6547034770239832e-08	3.7829112003227541e-11
3.0000000000000004e-05	9.8387322028815771e-01	2.7194931342095608e-04	4.4731039095178447e-03	1.2116817100830329e-06	1.7841590603044888e-03	4.9309672951033204e-07	8.0921322667890823e-06	2.1918162741657288e-09	9.5246162682539465e-03	2.6251652529570892e-06	4.3297092205406195e-05	1.1694184339939668e-08	1.7135657208617999e-05	4.7223889012761535e-09	7.7705596381060295e-08	2.0985905651216405e-11
5.0000000000000002e-05	9.7347329327212517e-01	2.6858592453235203e-03	9.7623585624309669e-03	2.6654207442699702e-05	6.5250727088009873e-03	1.8000139164005268e-05	6.5329490054086799e-05	1.7834897023294859e-07	7.3002073059067057e-03	2.0136851030860591e-05	7.3208389802696219e-05	1.9983363605640423e-07	4.8876170846997774e-05	1.3479893301687439e-07	4.8933995059850447e-07	1.3355817136579308e-09
7.0000000000000007e-05	9.5631678934754272e-01	2.2340875243792848e-03	1.7752205925145578e-02	4.0368715328940054e-05	9.0095074309717426e-03	2.1037730446094624e-05	1.6632430422593443e-04	3.7813023256195581e-07	1.4031422225692149e-02	3.2739266215894530e-05	2.6044458959136128e-04	5.9152715089406666e-07	1.3136664252549719e-04	3.0637456516161113e-07	2.4247601568145043e-06	5.5058314071304746e-09
9.0000000000000006e-05	9.5196548124366287e-01	2.3474836220196079e-04	2.1629637768872310e-02	5.5098345148914452e-06	3.2907645446910694e-03	8.1246451406721193e-07	7.3169535129653389e-05	1.8642684447133720e-08	2.2212620007322170e-02	5.4598156727720001e-06	5.0463273803440592e-04	1.2815971909966006e-07	7.5324045429367271e-05	1.8537696243086157e-08	1.6738746533097132e-06	4.2520398806726777e-10
1.1000000000000000e-04	9.3600978303103544e-01	3.3381028049364532e-04	2.1682592090205635e-02	7.6209236337705381e-06	8.6240761185591690e-03	3.0689188310781890e-06	1.9755623813043840e-04	6.9313527972862483e-08	3.2087756026239499e-02	1.1467506251282407e-05	7.4321689100031345e-04	2.6189214545180004e-07	2.9192918464797190e-04	1.0409701624673292e-07	6.6851369112307550e-06	2.3513728765474705e-09
1.3000000000000002e-04	9.2879826729846360e-01	9.8727381775286357e-04	2.4832344449586069e-02	2.8067457378940519e-05	1.2621039935751560e-02	1.3404450211867386e-05	3.3478998296009315e-04	3.7772340797182895e-07	3.1088196248314163e-02	3.3196168203515012e-05	8.3117145780171864e-04	9.4368195323916603e-07	4.1934478567404740e-04	4.4738290240236221e-07	1.1122555077486013e-05	1.2604562453949104e-08
1.5000000000000001e-04	9.1762120935187907e-01	4.2137053048593165e-03	1.4073182916934646e-02	6.5498374924432553e-05	1.4023527795376401e-02	6.4386255217886501e-05	2.1478698942594817e-04	9.9968486298840240e-07	4.8017868646735386e-02	2.2098248433507128e-04	7.3610763540448603e-04	3.4335336674649581e-06	7.2972959814292465e-04	3.3576412856510397e-06	1.1171677294503407e-05	5.2109656942860720e-08
1.7000000000000001e-04	9.1926267660496652e-01	6.6566832657131529e-03	1.8832887811960568e-02	1.3447881833071444e-04	1.0921472842492655e-02	7.9110047645427500e-05	2.2271633310199065e-04	1.5906192464029319e-06	4.2199850967706252e-02	3.0593579325422990e-04	8.6424334961822933e-04	6.1785136430395698e-06	4.9833120154010294e-04	3.6137403117481084e-06	1.0157463419358702e-05	7.2627053255619323e-08
1.9000000000000001e-04	9.2792833848600209e-01	4.4447258786762360e-03	1.4450144466482517e-02	6.8831344274974826e-05	1.3347391269188231e-02	6.3928626438173255e-05	2.0647643000162039e-04	9.8378427314731049e-07	3.8153635026183540e-02	1.8293282279338024e-04	5.9389557607325951e-04	2.8317589069840278e-06	5.4480863260794902e-04	2.6118872015442546e-06	8.4238355848885401e-06	4.0175314643958739e-08
2.1000000000000001e-04	9.2696742482570216e-01	5.8264363840698774e-03	1.8473240520516288e-02	1.1395634390720880e-04	1.4724195248720444e-02	9.2566820110247339e-05	2.9072280446698487e-04	1.7933041919388957e-06	3.2141632995623108e-02	2.0235986983437116e-04	6.4034071256745934e-04	3.9566723008968728e-06	5.0808435905230992e-04	3.1993879511485152e-06	1.0027793461015288e-05	6.1957527910848313e-08
2.3000000000000001e-04	8.9907673576504299e-01	4.2318740951804391e-03	3.0587975074540044e-02	1.3514554019392860e-04	2.7736034869157922e-02	1.3062307589236828e-04	9.2456641341387186e-04	4.0750318940550163e-06	3.4724387562576092e-02	1.6338298660257105e-04	1.1805334116428104e-03	5.2142682916959973e-06	1.0590364469727337e-03	4.9854878877635025e-06	3.5274548142507216e-05	1.5542257120013311e-07
2.5000000000000001e-04	9.1508694865925044e-01	9.9311563218856640e-03	2.6741503703060800e-02	2.8313322132510730e-04	2.0427925926529061e-02	2.2195929215176218e-04	5.9714851656030271e-04	6.3180482801829711e-06	2.5118268401224539e-02	2.7184809723412146e-04	7.3354505918602018e-04	7.7452253339757280e-06	5.5029140215434049e-04	5.9623255563977815e-06	1.6076182583112918e-05	1.6961768781869581e-07
2.7000000000000000e-04	9.2067718149464217e-01	1.0900641120385772e-02	2.4078724308505349e-02	2.7670901840184546e-04	1.8009701636606160e-02	2.1349669596463586e-04	4.6849911870970422e-04	5.3822248874075144e-06	2.3973384651906515e-02	2.8334196150077185e-04	6.2667075831785650e-04	7.1890325783564115e-06	4.6147994655460167e-04	5.4608888958165505e-06	1.1999530735983854e-05	1.3761140970226697e-07
2.9000000000000000e-04	9.2848306719864127e-01	2.8254931182540955e-02	1.5789592000667829e-02	4.3237703268646645e-04	5.5940321472920307e-03	1.7092046513695914e-04	9.8229870188818597e-05	2.7021484776645239e-06	2.0089558206742263e-02	6.0448662567933473e-04	3.4142057162043913e-04	9.2457099531950677e-06	1.2348757051666316e-04	3.7308698012540986e-06	2.1596573587343635e-06	5.8742698275003595e-08
3.1000000000000000e-04	8.8884040070972781e-01	5.1726550267933810e-02	2.7683031129491359e-02	1.4023752105766026e-03	3.5557201385863274e-03	2.0624427285682848e-04	9.1460677207859961e-05	4.6173331020675278e-06	2.4192346181241366e-02	1.4024556125169121e-03	7.5303393963979193e-04	3.8001435193410711e-05	9.5644635416120363e-05	5.5286111041009337e-06	2.4657777896684610e-06	1.2406761769427221e-07
3.3000000000000005e-04	8.9538999752911641e-01	5.0599579096454031e-02	2.9582638613774921e-02	1.4333324492606402e-03	2.0653896730203286e-03	1.1576715178211756e-04	4.6962392317043044e-05	2.2429481659930888e-06	1.8987636149144987e-02	1.0700583727093697e-03	6.2736378699359760e-04	3.0316955059157518e-05	4.5108690601020437e-05	2.5232904194414775e-06	1.0336437566945218e-06	4.9257426777845125e-08
3.5000000000000005e-04	9.1545410335851041e-01	3.4525201876309586e-02	2.8934038087523182e-02	9.1548090630564564e-04	9.1397149033920275e-06	3.3384803114824781e-07	3.7933592361997210e-06	1.4330806223633602e-07	1.8839227741887333e-02	7.0455519546787370e-04	5.9464561267014312e-04	1.8658006526758534e-05	5.4855855831412656e-07	2.1756005198908106e-08	1.0486482680528452e-07	3.8051784253990346e-09
3.7000000000000005e-04	9.1439925836180092e-01	2.5822204101496011e-02	4.5866982479711667e-02	1.0903595813518687e-03	1.9536907216906492e-03	5.3966951914180135e-05	5.9346578556903846e-05	1.3338512191789641e-06	9.9418929783009827e-03	2.7957990398238338e-04	4.9908771752378957e-04	1.1818969620633873e-05	1.9395333950908261e-05	5.3491012838686605e-07	5.3561620520423725e-07	1.1942548699209568e-08
3.9000000000000005e-04	9.1072965415189899e-01	2.5052712699310069e-02	4.5486747303574500e-02	1.0470914562651691e-03	3.2312681446866275e-03	8.7240013621501671e-05	9.9432712693939434e-05	2.1637588895389660e-06	1.3182619161404270e-02	3.6112665179353752e-04	6.5857932578875975e-04	1.5101715431824660e-05	4.3756413682185342e-05	1.1783287985997231e-06	1.2999872392680993e-06	2.8174923424952073e-08
4.1000000000000005e-04	8.7280338229534205e-01	3.8385259400045071e-02	5.6193160374488973e-02	2.1208242423059903e-03	6.8701600392656441e-04	3.0212815295593015e-05	6.4200360821913718e-05	2.4839110403333488e-06	2.6741642021845740e-02	1.1672916131584747e-03	1.7183550521230886e-03	6.4362547438460250e-05	1.8998050729041356e-05	8.3075699688385190e-07	1.9072056303790657e-06	7.3348814003606009e-08
4.3000000000000004e-04	8.6391617965965617e-01	4.4966289162172150e-02	5.5132881699383178e-02	2.4230871612706405e-03	4.1510308873668402e-04	2.2606991316885279e-05	5.6922420488028987e-05	2.6173334039558488e-06	2.9549842574012553e-02	1.5305995330235490e-03	1.8829713211606983e-03	8.2347825657400647e-05	1.5576498051541504e-05	8.4190843307899613e-07	2.0397306579985043e-06	9.3092577277117588e-08
4.5000000000000004e-04	8.9982667655031945e-01	2.9463815162144472e-02	3.0866692382879597e-02	8.4861438771776103e-04	2.0380675351840643e-03	6.5401127024399564e-05	3.7309661279041926e-05	9.6187303947025510e-07	3.4424123436287916e-02	1.1285261969589048e-03	1.1797615905533292e-03	3.2474305407481925e-05	8.3270213523165655e-05	2.6764466594019420e-06	1.5879635667348653e-06	4.1167455896014239e-08
4.7000000000000004e-04	8.7958720730700524e-01	2.6114933686413856e-02	4.3085801460432942e-02	1.0716004726199040e-03	3.1695531741624146e-04	8.9694501640343145e-06	1.0659949122452893e-06	1.6600291572556523e-08	4.6114817516887202e-02	1.3692928501770922e-03	2.2568387732553328e-03	5.6134794891343206e-05	1.5864136141341076e-05	4.4629353852729382e-07	5.4487474053948265e-08	8.5838026585473930e-10
4.9000000000000009e-04	8.6397835850925009e-01	3.9017650446053181e-02	3.0874595652910859e-02	1.1629490717608379e-03	1.2381623234700302e-03	5.5132883160944278e-05	3.8160095960530301e-05	1.4156764656136920e-06	5.8709425572750086e-02	2.6499182010003637e-03	2.0943401478784409e-03	7.8829685198376621e-05	9.3741520684393302e-05	4.1768140643083299e-06	3.0307552002314733e-06	1.1264419329906643e-07
5.1000000000000004e-04	8.5001168646173364e-01	2.7886451213149786e-02	4.2575132436657580e-02	1.1766998984805220e-03	2.9629908093283858e-05	9.6680796011894150e-07	9.4880642670835182e-06	2.8759299595568140e-07	7.2227101356827264e-02	2.3643747780330050e-03	3.6118625400139727e-03	9.9592561451267088e-05	5.3982516213901233e-06	1.7916270144207846e-07	1.1158819330852810e-06	3.3084082079536539e-08
5.3000000000000009e-04	8.1414761888076792e-01	2.3296930636762744e-02	7.4235566561297886e-02	1.9392907559362921e-03	3.6101581783595572e-03	1.0257076690389616e-04	2.3021053424133263e-04	5.9045573423832043e-06	7.3151267185613919e-02	2.1030506013486466e-03	6.6659537467641233e-03	1.7499426901109233e-04	3.0807772682231427e-04	8.7793719995256355e-06	1.9134159877608314e-05	4.9206695214503120e-07
5.5000000000000003e-04	7.8764902624842803e-01	3.6506890865144630e-02	9.9930039070756052e-02	4.3190093110168377e-03	9.8229542132404861e-03	4.5131242157513184e-04	9.3045932207254866e-04	3.9564038854285731e-05	5.0576196530515004e-02	2.3558241901128064e-03	6.4154761279826833e-03	2.7866496744075839e-04	6.3305995965299688e-04	2.9200870655060223e-05	5.9769687152172080e-05	2.5521754015194166e-06
5.7000000000000009e-04	8.8923859985586862e-01	1.6554029390145334e-02	6.2298804236778318e-02	1.0879522065137368e-03	1.9197562131470791e-03	3.5882981665337221e-05	1.0730353809132489e-04	1.8574135204197329e-06	2.6326285897275141e-02	4.9000658477492778e-04	1.8459081051350997e-03	3.2248945732793727e-05	5.7099888352225206e-05	1.0664297471241870e-06	3.1439285285043491e-06	5.4384725317001302e-08
5.9000000000000003e-04	8.6231907303602173e-01	1.5805302934782339e-02	9.3779096169537668e-02	1.5256092602023749e-03	2.4607774306952797e-03	4.4088261072865023e-05	1.4200362517699698e-04	2.2343387050839114e-06	2.1111801123815378e-02	3.8775693711017749e-04	2.3030854490101995e-03	3.7562650901808842e-05	7.5481859937931347e-05	1.3562991765295089e-06	4.6962725348642022e-06	7.4351320291685825e-08
6.1000000000000008e-04	8.5847796908033447e-01	1.3946277939020429e-02	1.0116011190344913e-01	1.4391328948845687e-03	2.8967139725837366e-03	4.5948191272427416e-05	1.9585664915241344e-04	2.7060203691129858e-06	1.9139639684100696e-02	3.1123680022355864e-04	2.2626351069621395e-03	3.2223734207539363e-05	8.2213850220236385e-05	1.3071898495398318e-06	5.9445136985963730e-06	8.2469672026336621e-08
6.3000000000000003e-04	8.1771333542169478e-01	5.0358412664445358e-03	1.3241426885060170e-01	7.4306857076527689e-04	5.3815125576638072e-03	3.2497060817612710e-05	6.7435933666909985e-04	3.7670067567044956e-06	3.2253305730837185e-02	1.9605309397841206e-04	5.2320848757378821e-03	2.9069736363641170e-05	2.5609530363283098e-04	1.5303837545429159e-06	3.3027624590094035e-05	1.8317969184162588e-07
6.5000000000000008e-04	8.0133481980760224e-01	1.0812027452738508e-02	1.3762571261806344e-01	1.8356939812597044e-03	1.7403838473349421e-03	2.3079929170469723e-05	2.7876913710181455e-04	3.7583401698834405e-06	3.8898697766615607e-02	5.2643773675651543e-04	6.6945540052325498e-03	8.9796264167946773e-05	1.1575607180140349e-04	1.5458694788626058e-06	1.8713570547358075e-05	2.5360195871139677e-07
6.7000000000000002e-04	8.4019323406374946e-01	9.9695523379643748e-03	1.0591141083064382e-01	1.0685304663244147e-03	1.4362529378385217e-03	1.6550984913361249e-05	8.2485223075804120e-05	7.9509740525729073e-07	3.6193418234048910e-02	4.2524375087969041e-04	4.5742447878241001e-03	4.5724625620546489e-05	7.6540255671507629e-05	8.7387260696895218e-07	5.0934793708766689e-06	4.9052062831934480e-08
6.9000000000000008e-04	7.9245095447030778e-01	1.7799731054382165e-02	1.2909218433210504e-01	2.4423876789932317e-03	7.0232651688673336e-05	1.7258827096343213e-06	1.9746940416234943e-05	3.9547815259019531e-07	4.8887900432711510e-02	1.0987314361010716e-03	7.9827784321912110e-03	1.5107796011944315e-04	1.2257982788475360e-06	3.3504496357226027e-08	8.7584373121201655e-07	1.8103616366072504e-08
7.1000000000000002e-04	7.9011759197564480e-01	1.7596427458585678e-02	1.3207725704176973e-01	2.4447125349830079e-03	2.0893710213077066e-04	4.9044159749285376e-06	3.8922236179902158e-05	7.3842370636268226e-07	4.8200799247808838e-02	1.0732236006175081e-03	8.0778180985132831e-03	1.4940213001014022e-04	7.4576889737375653e-06	1.7858828307834362e-07	1.5986241159294797e-06	3.0832702907702589e-08
7.3000000000000007e-04	7.8970017487323185e-01	1.7309368415509285e-02	1.3303355143664652e-01	2.4179330928010274e-03	2.5233817172903606e-04	5.7927004152797123e-06	4.4131789914438101e-05	8.1791850898686416e-07	4.7931722631319236e-02	1.0500246758318782e-03	8.0954745360254810e-03	1.4696981094314802e-04	9.6321949591670221e-06	2.2418154369546953e-07	1.8096063756852703e-06	3.3964246641124457e-08
7.5000000000000002e-04	8.1915529047639002e-01	3.5593772242591117e-02	1.0590298082511357e-01	3.7858121070963192e-03	2.5745387836754495e-03	1.1257273450587683e-04	4.2777982270138351e-04	1.5491076991254621e-05	2.7398391223561913e-02	1.2081407695805882e-03	3.5538999994680458e-03	1.2884283428694855e-04	1.1811512853813791e-04	5.2101545427998500e-06	1.8487022538994310e-05	6.7479841915392957e-07
7.7000000000000007e-04	8.1754393125739355e-01	2.9628214717336454e-02	1.2495942188419673e-01	3.7710292970849616e-03	6.2713945413426641e-04	2.3326917963093346e-05	1.6728808581934851e-04	5.1900864822745771e-06	1.9450318461634176e-02	7.1677892057392086e-04	2.9880944577052389e-03	9.1647256014380823e-05	2.1621638363055764e-05	8.0496907438862239e-07	5.0349388379927557e-06	1.5765738770765370e-07
7.9000000000000001e-04	7.6172683293475574e-01	2.2643750488510091e-02	1.6431825890707971e-01	4.4335475819633494e-03	1.6746594937375506e-03	5.0051196506242185e-05	3.1472337061921526e-04	8.4197652670771382e-06	3.5719043254762814e-02	1.0727306785663442e-03	7.7347245136384643e-03	2.1093666729430079e-04	7.5805762660074129e-05	2.2822118307245921e-06	1.3859204761984016e-05	3.7396804716069191e-07
8.1000000000000006e-04	7.8775693907029043e-01	1.5589331406528259e-02	1.5071287642010672e-01	2.8450779585439006e-03	4.8645812968704360e-03	9.6791034443515465e-05	9.4621057625032042e-04	1.7965306717071827e-05	3.0379538869521609e-02	6.0504627635977635e-04	5.8348987126310130e-03	1.1102274983289607e-04	1.9692051298943596e-04	3.9397223069933367e-06	3.8130529274051021e-05	7.2955733457402363e-07
8.3000000000000012e-04	7.4712956187141899e-01	2.4183862121502551e-02	1.7219675353665562e-01	5.2819387050115586e-03	6.1009893028164727e-03	1.9717321286178243e-04	1.2971513174827004e-03	3.9595264535738702e-05	3.4006517105774119e-02	1.1094055198865513e-03	7.8599354714004276e-03	2.4308434414017934e-04	2.8303323080250799e-04	9.2044942436470960e-06	5.9951237294228574e-05	1.8432641739108020e-06
8.5000000000000006e-04	7.8103716985443261e-01	2.1101065027813691e-02	1.4431555973528384e-01	3.9002026865712649e-03	8.2675521648590770e-03	2.2447985916418067e-04	1.5188782680924618e-03	4.1250217791491662e-05	3.2191022257567918e-02	8.7440103995873469e-04	5.9591032773308340e-03	1.6194658397480203e-04	3.3510395477660349e-04	9.1378135692792087e-06	6.1450516723204104e-05	1.6767420910329268e-06
8.7000000000000011e-04	7.7858878083277472e-01	1.4939979195696028e-02	1.6249458002154837e-01	3.4299062307326031e-03	6.4751511590667365e-03	1.2600270899329873e-04	1.4272301884368736e-03	3.0409229763122407e-05	2.6111500902542068e-02	5.0574890730031526e-04	5.4692845491309885e-03	1.1668156614806920e-04	2.2891142739304892e-04	4.4964712583772420e-06	5.0254259318996910e-05	1.0823498972197344e-06
8.9000000000000006e-04	7.9398097386159749e-01	1.1818544036333324e-02	1.4305729294114236e-01	2.1186767330280852e-03	5.3705138738527449e-03	8.0108388746322242e-05	9.5260623649072928e-04	1.4251643341184014e-05	3.5298461513732809e-02	5.2880688743728505e-04	6.3835564722346692e-03	9.5413071916780476e-05	2.5199439163213440e-04	3.7798830833487859e-06	4.4350368230316411e-05	6.6969720179812117e-07
9.1000000000000011e-04	8.0348792321727225e-01	6.7044232988768904e-03	1.5260044133460218e-01	1.3619994389109063e-03	2.3876684744494905e-03	1.9827156097899311e-05	4.2278558650910768e-04	3.8683525601868283e-06	2.7409075464640945e-02	2.2789364191861010e-04	5.2291611948970676e-03	4.6894872804503356e-05	8.2734069517343146e-05	6.8394066249524972e-07	1.4486440947172337e-05	1.3351533294101570e-07
9.3000000000000005e-04	8.1736179255516561e-01	2.6576744689147374e-03	1.2804206250709466e-01	4.4212110193057777e-04	4.4129987031277353e-03	1.4386163578272346e-05	5.7020964441676693e-04	2.1205745494997761e-06	3.9829364284798364e-02	1.2693034681240091e-04	6.2588506308088356e-03	2.1653256123263908e-05	2.2943774401717578e-04	7.3507746527389557e-07	2.9552212202285014e-05	1.1072899419099593e-07
9.5000000000000011e-04	8.4724360709797919e-01	2.8817839705980973e-03	1.0192484917505244e-01	5.3216212931193700e-04	7.2168321801116212e-03	2.4800245375689504e-05	7.3701858163965710e-04	4.3200709152870984e-06	3.4688134866827987e-02	1.2784157553814753e-04	4.1830872659459686e-03	2.3751442606223299e-05	3.7081232798889964e-04	1.3705650054168423e-06	3.9379499163785051e-05	2.4900593901264749e-07
9.7000000000000005e-04	7.9801891709314510e-01	4.1255084973901149e-04	1.1984571939038267e-01	1.0566401377180810e-04	1.3646988088887514e-02	6.9082210480958811e-06	1.7461097495510400e-03	1.6359457088951331e-06	5.6418422742397993e-02	3.7951685672992014e-05	8.4921556684117820e-03	9.8851823901982943e-06	1.1134857932195914e-03	7.1466423304018385e-07	1.4271767793743324e-04	1.7323350189185692e-07
9.8999999999999999e-04	7.7647813372135854e-01	2.3801486561172941e-03	1.3242220823270323e-01	1.4668143880018845e-04	4.7825494556870208e-03	1.4806846626444183e-05	7.7608816023270837e-04	7.4521195049088939e-07	7.0253382952740251e-02	1.9681639528571485e-04	1.2020419480391968e-02	1.1407322187209579e-05	4.4442312028464471e-04	1.2562635818262354e-06	7.0876130439345608e-05	5.6611612950383520e-08
1.0100000000000000e-03	7.7562374608208584e-01	4.5530369088756927e-04	1.2914012935910363e-01	4.5036454765414251e-05	8.0191001571459173e-03	4.7398630742951137e-06	1.1409324762699637e-03	5.0811648964267687e-07	7.2534917996257095e-02	3.5287344430285145e-05	1.2101248408646086e-02	4.2321255264940762e-06	7.8361703544377304e-04	3.9146647703504681e-07	1.1075826475216336e-04	5.1158644222662827e-08
1.0300000000000001e-03	7.9392683413570830e-01	3.1706827103472309e-03	1.0089940479921408e-01	2.1099187746554348e-04	2.2483250757532971e-03	8.9248989169455164e-06	2.4206229907923685e-04	4.4223948742682346e-07	8.7547114812488266e-02	3.2526899794472201e-04	1.1145430440096429e-02	2.1065786403060946e-05	2.2884617879905455e-04	8.4389756002503101e-07	2.3723588425020674e-05	3.8262310948625333e-08
1.0500000000000002e-03	7.9177583229623261e-01	3.9122267771292806e-03	8.5789660457165240e-02	3.5593419903244214e-04	2.8497664652237273e-03	1.4117072997146529e-05	3.6268291755082505e-04	1.3546472202295814e-06	1.0281165556675710e-01	4.8246509306155527e-04	1.1170542141905316e-02	4.5002510407964592e-05	3.7925619864425113e-04	1.7700137870952172e-06	4.7564636219005444e-05	1.6900666650626988e-07
1.0700000000000000e-03	8.2881663739148026e-01	6.8351575090276210e-03	6.3004360684982386e-02	7.4918094298487812e-04	7.5536851435652795e-03	6.1566051642740445e-05	7.7310429329186165e-04	8.8275353535255640e-06	8.4078588290688830e-02	6.9381711497704666e-04	6.4128920429652719e-03	7.7491690166777916e-05	8.4149594509300314e-04	6.7966175027504174e-06	8.5421353771002694e-05	9.7739250721172984e-07
1.0900000000000000e-03	8.1840353675086008e-01	1.6180613706414063e-02	4.2845778155709821e-02	1.1495957376724470e-03	1.2833782866919878e-02	2.5026832594960888e-04	8.4184427441873504e-04	2.5045596562908314e-05	9.8188043823693671e-02	1.9868378383064273e-03	5.1532386942399911e-03	1.4175624577073145e-04	1.8398428613692207e-03	3.6380396442240473e-05	1.1983421077557826e-04	3.6005148952152425e-06
1.1100000000000001e-03	8.1470960775334356e-01	2.2842636932655720e-02	4.4344026315841681e-02	1.3763831537761857e-03	1.6436595237177037e-02	4.5533170186547905e-04	9.8763463520492949e-04	3.6722729870224688e-05	8.8945294560117641e-02	2.5541751356746947e-03	4.8504208997502503e-03	1.5407028370865907e-04	2.1162273400370584e-03	5.9552965767993994e-05	1.2656626708037018e-04	4.7540881284274942e-06
1.1300000000000001e-03	7.6411301659949249e-01	1.9897902615601721e-02	4.0458668658072058e-02	7.3177857615282845e-04	3.4017582055729682e-02	8.7232561949336131e-04	1.4488485475646772e-03	3.7504501233357295e-05	1.2189390600915265e-01	3.2715621750189390e-03	6.4589039099486054e-03	1.1996321201842860e-04	6.2421748027460802e-03	1.6367086738987136e-04	2.6522397306477446e-04	6.9678773210868810e-06
1.1500000000000002e-03	7.7072575642130647e-01	7.3735862524522723e-03	3.2353488869064188e-02	8.9430906172263558e-05	5.0037978078799734e-02	4.6479735645457091e-04	1.1423860671383715e-03	8.8876468653019371e-06	1.2176399638654359e-01	1.2307996712609477e-03	5.1054427972847261e-03	1.4446179930858618e-05	9.3840903699277754e-03	9.1315135673805119e-05	2.1192768788467291e-04	1.6701732419636780e-06
1.1700000000000000e-03	7.5983023774260094e-01	5.2757781349014503e-03	3.6172053470685674e-02	5.0490618494288750e-05	5.6299634423286629e-02	3.7910100867460033e-04	1.4154652159371096e-03	5.7325125326231544e-06	1.2280712704305145e-01	9.0433904049241865e-04	5.8430119192178984e-03	8.4370501659663050e-06	1.0667407238167677e-02	7.5507545292801222e-05	2.6460503792471486e-04	1.0719985754160040e-06
1.1900000000000001e-03	7.8782186166864343e-01	1.6292818374273314e-02	1.7826435636052934e-02	1.3162904129056095e-04	3.2587169246822839e-02	6.5500832737973194e-04	3.4837622422967309e-04	1.3989859495904147e-05	1.3210878079854044e-01	2.8306479540200656e-03	2.9787275064815811e-03	2.1958873812041329e-05	6.1851590871245359e-03	1.2788605053798722e-04	6.6874627926163062e-05	2.6767233699549205e-06
1.2100000000000001e-03	7.5681341020561943e-01	1.1457246594009873e-02	1.3871899878773004e-02	2.0897279379830167e-04	3.4668867555739856e-02	5.1280028732897788e-04	5.7377159896730440e-04	2.3403330387855623e-05	1.6710445805953003e-01	2.6612257998975403e-03	3.0626658942948704e-03	4.7246646817946990e-05	8.7071076535045946e-03	1.3434284662120716e-04	1.4663788908994210e-04	5.9429656200709880e-06
1.2300000000000002e-03	6.9025378828855144e-01	1.7453225535943147e-02	2.5487533729601233e-02	3.1073401227017002e-04	3.4022461328906288e-02	8.4421464370313076e-04	7.9963900452078565e-04	2.0785651639802433e-05	2.0594566877836931e-01	5.3453444694133581e-03	7.5939602700025657e-03	9.3782942733156829e-05	1.1272309118957614e-02	2.8492646331739721e-04	2.6471456473188028e-04	6.9111973402948929e-06
1.2500000000000000e-03	6.6721032727809026e-01	1.0934619565338744e-02	1.2498373817234560e-02	2.1265835026214672e-05	2.0185096067390756e-02	3.2210771697212010e-04	1.1997892336516601e-04	5.5540032301036630e-06	2.6942568358844554e-01	4.6419184050270745e-03	4.9894268238765416e-03	8.0477309202687741e-06	9.4200139496717229e-03	1.5703470253187993e-04	5.8004015805054479e-05	2.5475770752474170e-06
1.2700000000000001e-03	7.1765477068162609e-01	1.3407021898187193e-02	2.3452611044024213e-02	7.5382798855576596e-05	9.1821019899803232e-03	1.6772418946467207e-04	1.0112582225690557e-04	9.5719371855220068e-07	2.2092041255394787e-01	4.3690216983097822e-03	7.1321935343814898e-03	2.5106674529507787e-05	3.4093786834993724e-03	6.5700707947811631e-05	3.6192918893632329e-05	2.9761037729780193e-07
1.2900000000000001e-03	6.7065909514731459e-01	1.3142842860245618e-02	3.6161182622298414e-02	3.0935137221509769e-04	4.2338524822674185e-03	8.0889916433627841e-05	1.3118595656031747e-04	1.3140503418777227e-06	2.5409782600178105e-01	5.2845391802312522e-03	1.3540869274212776e-02	1.2350569279031309e-04	2.1270471997319584e-03	4.3155327677329873e-05	6.2755407274043989e-05	5.8750862480938565e-07
1.3100000000000002e-03	6.5320588671571911e-01	7.4777359723604804e-03	3.6021796449209866e-02	2.6065390580444654e-04	1.0185823317580327e-02	1.1290931365584152e-04	2.8130334298571963e-04	4.2238248292603875e-06	2.6888876053537969e-01	3.3264825794881653e-03	1.4641062195110669e-02	1.1467387863264264e-04	5.2739329203059307e-03	6.3069851295972980e-05	1.3959844506899162e-04	2.0867525740230281e-06
1.3300000000000000e-03	6.5437715181332556e-01	6.7932636669674681e-03	4.0009639295939439e-02	2.7857357413147658e-04	1.2917540973766467e-02	1.2921721810953298e-04	4.0787554859298130e-04	5.9140574828959478e-06	2.5979682368659940e-01	2.9124489693387956e-03	1.5690687530669566e-02	1.1899234713620845e-04	6.2993642140965417e-03	6.7858173886648881e-05	1.9183164127468903e-04	2.8172886827416501e-06
1.3500000000000001e-03	6.7904009744476790e-01	3.0632253281225831e-03	4.2819753896288976e-02	1.4170626807426915e-04	1.1203261513486813e-02	4.8486231902310448e-05	3.4866473536163909e-04	2.4305428003573404e-06	2.4182298207122618e-01	1.2190229020133017e-03	1.5066786709338345e-02	5.5445534943255764e-05	4.9886003366494602e-03	2.4059094989889674e-05	1.5440079534566315e-04	1.0765946891156074e-06
1.3700000000000001e-03	6.8148368213888133e-01	8.8290289657777851e-03	6.2068678717573739e-02	4.5263185889437288e-04	2.1590286149581282e-02	2.6921783584339085e-04	1.0914054874212780e-03	1.1167471734749846e-05	1.9570302155343527e-01	2.7197329115557943e-03	1.7666590878631584e-02	1.4131851782187737e-04	7.4958561618910860e-03	9.9800418089124031e-05	3.7359765324821234e-04	3.9832796174532919e-06
1.3900000000000002e-03	6.5592020100599779e-01	1.2355206801500502e-02	5.6851231221509278e-02	3.5493010526478581e-04	2.6773804036470741e-02	4.8527134564399044e-04	1.1834078698483457e-03	6.3133639267412641e-06	2.1218258921080546e-01	4.2288085598288618e-03	1.8194779680375972e-02	1.2638184697412835e-04	1.0657639298482798e-02	2.0314812811959829e-04	4.7354215600028932e-04	2.7453692500367359e-06
1.4100000000000000e-03	6.5113157420809098e-01	9.9708466163464168e-03	5.6753944586854448e-02	2.9642826689369600e-04	2.3170813662389288e-02	3.3975017008507611e-04	1.0464859456194480e-03	5.8104144997449778e-06	2.2375519058094345e-01	3.6370145796429964e-03	1.9293879674390776e-02	1.1341012142697957e-04	9.8822118598826132e-03	1.5293711476101703e-04	4.4702806447453571e-04	2.6741336977697290e-06
1.4300000000000001e-03	5.8010865142711798e-01	1.4945212590911090e-02	5.5949348737931844e-02	6.5471183753869485e-04	4.1801015513644145e-02	1.0597820822131963e-03	2.2455950680372442e-03	1.6961270864518314e-05	2.4954965575337631e-01	6.7970509413227270e-03	2.3819540778247317e-02	3.0067323440561785e-04	2.1046764283694581e-02	5.6036942094227779e-04	1.1353268812517587e-03	9.3401784996981398e-06
1.4500000000000001e-03	5.6834620230140154e-01	1.2291825016993434e-02	6.0532069610190670e-02	6.4639373881943292e-04	4.1024732073289452e-02	8.7495455141268369e-04	2.5433364422069609e-03	1.8951837614086888e-05	2.5674312958609108e-01	5.8997309328434871e-03	2.7083107423904847e-02	3.1342973295963531e-04	2.1825166389295790e-02	4.9139861036374207e-04	1.3545732457495101e-03	1.0998506862333723e-05
1.4700000000000002e-03	5.3304589316222772e-01	2.0535589741285241e-02	4.2356025058432369e-02	6.7365516086801173e-04	4.1013364477554715e-02	1.5507807137224714e-03	1.5746121134594829e-03	1.5395860148495138e-05	2.9488456613992353e-01	1.1959593897199852e-02	2.3103642778766951e-02	3.9305562237298915e-04	2.6786002317120163e-02	1.0587637115313799e-03	1.0381501007044594e-03	1.0909144679701205e-05
1.4900000000000002e-03	5.4381842800778835e-01	2.0166008096049182e-02	2.8021999301796482e-02	3.5501589610129411e-04	5.9033358846780480e-02	2.1545901629644467e-03	1.1085672108328492e-03	6.3707599892983856e-06	2.8109323332449682e-01	1.1055399944389642e-02	1.4215324300877481e-02	1.9255580323526673e-04	3.6669309171915264e-02	1.4097622431752871e-03	6.9591725591557833e-04	4.1596736899177948e-06
1.5100000000000001e-03	5.5892079320520149e-01	1.4907162204812524e-02	1.9963494616993024e-02	1.5235393167614905e-04	7.5302588956830341e-02	1.9818837741866300e-03	7.2355866905627318e-04	4.4154768112054040e-06	2.6722577876740139e-01	7.5837334871570773e-03	9.3349017479149882e-03	7.5897854372255298e-05	4.2236517047209848e-02	1.1743545844015014e-03	4.1023721513856032e-04	2.3284608348284883e-06
1.5300000000000001e-03	5.3550208890916295e-01	9.1729794583065051e-03	1.5186067412759267e-02	1.2690394273633755e-04	9.0061538623296203e-02	1.5245782601635530e-03	4.4258774926157009e-04	1.5648342876564479e-05	2.7801591446767193e-01	5.1265107381784818e-03	7.6590928171626112e-03	6.7515217111579901e-05	5.5803611741204039e-02	1.0099183386673251e-03	2.7555321591435274e-04	9.4907655258942949e-06
1.5500000000000002e-03	4.9046759280588270e-01	1.2312846243414128e-02	2.5324559373369405e-02	3.5336964574695273e-04	8.0487172282654493e-02	2.0028684076322189e-03	1.3555156570065864e-03	1.8960991195970416e-05	3.0350255609344251e-01	8.0536778014926227e-03	1.5305822590455615e-02	2.2237568500181162e-04	5.8074787298201903e-02	1.5171667225838900e-03	9.8691467210204045e-04	1.3813729816315186e-05
1.5700000000000002e-03	4.8339314236937320e-01	1.1195438969871513e-02	2.9463427722031213e-02	4.2161863086674455e-04	8.3645559972474540e-02	1.9219848621600027e-03	1.8680656296953364e-03	2.5594298184964400e-05	2.9890955547309361e-01	7.3190537847405493e-03	1.7811597907300733e-02	2.6487872770946617e-04	6.0899773064610981e-02	1.4697464067818036e-03	1.3715851091022219e-03	1.8977072001796894e-05
1.5900000000000001e-03	4.6800687750137926e-01	1.4017005341827806e-02	2.6427456610227950e-02	4.3832707068754460e-04	6.9585529865359957e-02	2.0731253512612942e-03	1.4836046471447724e-03	1.4693716307974193e-05	3.2922490260281001e-01	1.0290811667199704e-02	1.8170227364033127e-02	3.0969070612623582e-04	5.6955600972022458e-02	1.7589186293407019e-03	1.2307707620112965e-03	1.2457192259727894e-05
1.6100000000000001e-03	3.9737721147551480e-01	5.5603939218477894e-03	3.5725548484183904e-02	3.6234764357597339e-04	8.2416749822297117e-02	1.1513665259379386e-03	3.6642889963298055e-03	3.0173045201334484e-05	3.4822029791575165e-01	5.1729331208048221e-03	3.0635993246529335e-02	3.2372523939623853e-04	8.4307295954754349e-02	1.2418930238087906e-03	3.7775772651567176e-03	3.2204318909030191e-05
1.6300000000000002e-03	4.0960495769216676e-01	2.7550504387850081e-03	4.0939817656780349e-02	2.1783854687909481e-04	1.0038817727499445e-01	6.7774733889584598e-04	5.6017250945913722e-03	2.3419306582063644e-05	3.1318745022307704e-01	2.2979207190200819e-03	3.0671135795210944e-02	1.7395464124571905e-04	8.7859405132905619e-02	6.4260970921891400e-04	4.9367690673082091e-03	2.2021362338414093e-05
1.6500000000000002e-03	3.8548945262742473e-01	1.1803528829381921e-03	3.4612684518879715e-02	6.9814047193958898e-05	1.0160447589566833e-01	3.1225633527728230e-04	5.4224667835318634e-03	6.8092225144525291e-06	3.3327519272534312e-01	1.1747017831576553e-03	2.9279302358160088e-02	6.7190838144536087e-05	1.0167698642188036e-01	3.5683832483149628e-04	5.4634079839248001e-03	8.0672511302883844e-06
1.6700000000000000e-03	4.1597402185397669e-01	2.1369096507215728e-03	2.7801787297445313e-02	4.4651200077083261e-05	1.2588843275194525e-01	6.4198780358175865e-04	5.4689209161712564e-03	7.5692574396475033e-06	2.9468760522022863e-01	1.6777131218694151e-03	1.9254103782369261e-02	3.6579385471732201e-05	1.0137951593132269e-01	5.6570900340633225e-04	4.4274449940420405e-03	7.0478299312065659e-06
1.6900000000000001e-03	3.7908849298921116e-01	4.7009140391213438e-03	1.8554174573123548e-02	9.6469708756184480e-05	1.3107979150341800e-01	1.6167846973063435e-03	4.6464146002227731e-03	3.3559076228870894e-05	3.1323371928616334e-01	4.1718361777622380e-03	1.4946034225415567e-02	8.4425816411674300e-05	1.2178916579449743e-01	1.5927940030411889e-03	4.3325712686255831e-03	3.2852240694261881e-05
1.7100000000000001e-03	3.7109694061372961e-01	2.2855330116047365e-03	2.9405617964559001e-02	7.5157110613039126e-05	1.0048891569346383e-01	6.1796114246013862e-04	5.2044603081948361e-03	1.2512254101079048e-05	3.5095204802440028e-01	2.2809203119094107e-03	2.7206671965158979e-02	7.5245159508427614e-05	1.0418488228886108e-01	6.6387224295621323e-04	5.4356294914235485e-03	1.3632417056347364e-05
1.7300000000000002e-03	3.5791992476065282e-01	1.8133726298945004e-03	1.6571703118603353e-02	1.6139532295323459e-05	1.3236772535273911e-01	6.6585078555076805e-04	4.2020723326827714e-03	7.5803075807256447e-06	3.3572278472201394e-01	1.8938483769106755e-03	1.5156961065755127e-02	1.8006202601445074e-05	1.2882506482421668e-01	7.1040725984936146e-04	4.1006348298901372e-03	7.9238987641762877e-06
1.7500000000000000e-03	3.8354089332418267e-01	3.6609955558879552e-03	2.7071364099804283e-02	1.2012413884023898e-04	1.1672779038233694e-01	1.1154830519532113e-03	5.7364929699598027e-03	2.5267290285524622e-05	3.2864095897885420e-01	3.3142078815152042e-03	2.2724603206201909e-02	1.0858210139237922e-04	1.0118435678556278e-01	1.0031868842035518e-03	5.0026279830214732e-03	2.3065365998706860e-05
1.7700000000000001e-03	3.9208207614059326e-01	5.4149276017236691e-03	3.0106283566638081e-02	3.1123708780213185e-04	1.0209840885502451e-01	1.4208574226118767e-03	6.3810444955241996e-03	6.8738123635331416e-05	3.3371137777672150e-01	4.7663483768716946e-03	2.5226690037460562e-02	2.7029618632940725e-04	9.1056538494712055e-02	1.2882855451819151e-03	5.7337352368155440e-03	6.3155052355682358e-05
1.7900000000000001e-03	3.6844620530881345e-01	3.1894743600050630e-03	2.4684261801935371e-02	1.2545949925809406e-04	1.1031331215261428e-01	9.5696381662051645e-04	5.4379252834288539e-03	3.1870041269473188e-05	3.4529823360903161e-01	3.1027055839310258e-03	2.2683182441124092e-02	1.1913710886014588e-04	1.0919948842117357e-01	9.6454074122708606e-04	5.4152633528295373e-03	3.1976477879261106e-05
1.8100000000000002e-03	3.8727732415719901e-01	6.0778408410779704e-03	1.6946888169270254e-02	1.2086537582176486e-04	1.3745170767607140e-01	2.1353397382264509e-03	3.4615818203472207e-03	4.0359865480777328e-05	3.0612123655776147e-01	4.8308137057124353e-03	1.3051036667595240e-02	9.0069497623161015e-05	1.1758554945348003e-01	1.8086058669168153e-03	2.9677407029594415e-03	3.3039904458119077e-05
1.8300000000000002e-03	3.6463521607403498e-01	7.6376232769257398e-03	1.6173395710022957e-02	1.1079673455529268e-04	1.4295493313692989e-01	2.9560157702604472e-03	3.1231758424575076e-03	3.4335844732444492e-05	3.0790646552489659e-01	6.4432210399468469e-03	1.3264633598737665e-02	8.6377661787381734e-05	1.2919145791383418e-01	2.6276238116348660e-03	2.8256998423535950e-03	2.9028216890742420e-05
1.8500000000000001e-03	3.7718264808848345e-01	3.7112396481250791e-03	1.5410369483171862e-02	1.2882042012761738e-04	1.2803841500913771e-01	1.2550919793469521e-03	3.5873086871654660e-03	4.6688250340879663e-05	3.3278713205895832e-01	3.1978540072292818e-03	1.3290368253136795e-02	1.0528820440919333e-04	1.1683821158989519e-01	1.0963093346617286e-03	3.2837009343292035e-03	4.0554051483466787e-05
1.8700000000000001e-03	3.6907766180978940e-01	3.5291424471944519e-03	1.4733416900443237e-02	2.3948006286893478e-04	1.1498301014514326e-01	1.1143224469147650e-03	4.3108048754006145e-03	7.5911439146010042e-05	3.5230249179781603e-01	3.2083751057606215e-03	1.3806507617782864e-02	2.1617530338892822e-04	1.1686594502826429e-01	1.0593074383803956e-03	4.4026625812721336e-03	7.4785000437845069e-05
1.8900000000000002e-03	3.7588904273893420e-01	3.1441756762698872e-03	1.2101840151897999e-02	2.1554772100900013e-04	1.0692620811397667e-01	9.0710757524491235e-04	3.2772276196934218e-03	6.3075485632338788e-05	3.6813249480045418e-01	2.8743190115919606e-03	1.1633041511640992e-02	1.9857816565505427e-04	1.1031935293464686e-01	8.5772146858673797e-04	3.3974500775349891e-03	6.2816947234140317e-05
1.9100000000000002e-03	3.0719418668254389e-01	6.0705093701121865e-03	1.3162349860066721e-02	5.8125326761998184e-04	1.1614657603683952e-01	2.3568430870131349e-03	7.1608866384066123e-03	2.6073990205525527e-04	3.7034494265963264e-01	7.0804119752480013e-03	1.5736813791368109e-02	6.7984545201751412e-04	1.4142278483813819e-01	2.7184033655083830e-03	8.7711548117949123e-03	3.1229826163812032e-04
1.9300000000000001e-03	3.2724131434561499e-01	7.7882627738460677e-03	1.0984543429218157e-02	5.5971465317597479e-04	1.0801867932548839e-01	2.6231038020514733e-03	4.7570676211787606e-03	2.1554695488237632e-04	3.8233455458413557e-01	8.6753596035121366e-03	1.2689882442528003e-02	6.2513262193620320e-04	1.2488352766384953e-01	2.8340307540973952e-03	5.5275693402615156e-03	2.4171008422691506e-04
1.9500000000000001e-03	3.2175217980381149e-01	1.2850562005759038e-02	1.0193503414999082e-02	5.5478112617483291e-04	8.2059793123592809e-02	3.3189401739827980e-03	2.2396438438981960e-03	1.4787259083786820e-04	4.1894070321905746e-01	1.6144953731837573e-02	1.2969793685623622e-02	6.8561893283326379e-04	1.1067497068952441e-01	4.2347984761285659e-03	3.0381794862582075e-03	1.9370569568362357e-04
1.9700000000000000e-03	3.4230999415568125e-01	1.5108814403520777e-02	8.5699394868211584e-03	4.4011330929443588e-04	8.6038931448017164e-02	3.8134075298320675e-03	1.4398486022493692e-03	1.3076220249258998e-04	4.0274591773021212e-01	1.7315352219103575e-02	9.7688382465179399e-03	4.9098031136365580e-04	1.0543617469870392e-01	4.4655951176591421e-03	1.7686871774891825e-03	1.5664336104415747e-04
1.9900000000000000e-03	3.4082307656815730e-01	1.0217151566172670e-02	5.1204359669600828e-03	1.7180070556165302e-04	1.0555043844698214e-01	3.1370346374205056e-03	5.6901566121511584e-04	1.0837573770932870e-04	3.9281963651616719e-01	1.1398964483822988e-02	5.5991389928103869e-03	1.8681832869166736e-04	1.2015694782230797e-01	3.3815122497100106e-03	6.3866467829803942e-04	1.2098763801468642e-04
2.0100000000000001e-03	3.2844376358005983e-01	1.2717239867472795e-02	3.2008313061209904e-03	3.9891720481835465e-04	1.0237196998030533e-01	3.9667908766853202e-03	1.3209438705284913e-03	2.1164400251261721e-04	4.0165350730291177e-01	1.4824100411806334e-02	3.7845699997093992e-03	4.7085850528761752e-04	1.2048481327750787e-01	4.3562764239739593e-03	1.5511708939309945e-03	2.4260249637127789e-04
2.0300000000000001e-03	3.3236212986926872e-01	8.5854755280409811e-03	5.4364218628216408e-03	1.9939553329195419e-04	1.0999912533580496e-01	2.8278704872067360e-03	9.3666156367926644e-04	1.0797355111278735e-04	3.9749210745544589e-01	9.6859780602127944e-03	6.2159195873641698e-03	2.2224674361731836e-04	1.2189623253643518e-01	2.8890292238038817e-03	1.0282965333054063e-03	1.1513612859094645e-04
