1.2500000000000000e-01	3.4475244606166247e-04	9.5917352990620031e-01	2.4128494866642987e-02	1.5445945944068784e-02	7.7297940113812600e-04	1.2457803678733503e-04	9.1033360954890784e-06	6.1606300512130663e-07
3.7500000000000000e-01	1.3586957784812951e-03	9.9666842203211670e-01	6.6129258110821109e-06	1.9624036045604678e-03	1.9369390544001308e-06	1.8420895101725183e-06	5.1831367557698937e-08	3.4799095886258421e-08
6.2500000000000000e-01	4.0333487229184638e-03	9.4491218294102353e-01	2.3490930362185320e-02	2.5898840242207209e-02	1.2792538982941825e-03	3.5896251161171680e-04	2.3868208305612013e-05	2.6131134515862381e-06
8.7500000000000000e-01	8.5533382122492587e-03	9.8510042750294624e-01	2.6377721663152089e-06	6.3086091562075241e-03	1.4585613626267659e-05	1.8261183679734444e-05	1.4224921609609784e-06	7.1806696176727925e-07
1.1250000000000000e+00	1.5709644685303618e-02	9.2356814791786213e-01	2.2865238566268545e-02	3.5395932509866612e-02	1.7176674027029597e-03	7.0441920030439413e-04	3.4449744820644737e-05	4.4999728691995151e-06
1.3750000000000000e+00	2.6208314593256885e-02	9.6229620152161066e-01	1.7505359478928046e-05	1.1362470528308634e-02	4.6846505831951295e-05	5.6075061332034369e-05	8.6548546544791767e-06	3.9315755254430209e-06
1.6250000000000000e+00	3.9359522438840874e-02	8.9233057192500109e-01	2.2624506354111857e-02	4.2529021092501104e-02	2.0300686629852712e-03	1.0970900304726778e-03	2.6684806408060425e-05	2.5346896762451892e-06
1.8750000000000000e+00	5.7779600572138025e-02	9.2610407524286964e-01	1.3967778200055193e-04	1.5738397404210507e-02	1.0062137445132181e-04	1.0685356283753653e-04	2.1584759751201823e-05	9.1893017381552065e-06
2.1250000000000000e+00	7.7420833611498430e-02	8.4903985052620967e-01	2.3104973371386218e-02	4.6777983200417331e-02	2.1933176766308934e-03	1.4425890727509895e-03	1.9243407362443005e-05	1.2091337396360568e-06
2.3750000000000000e+00	1.0474257702691750e-01	8.7607756581456686e-01	4.1709904654967415e-04	1.8397146836909035e-02	1.7006075915330864e-04	1.6142644940955468e-04	2.4574585794645429e-05	9.5494806973316790e-06
2.6250000000000000e+00	1.3004566783003035e-01	7.9513234856371129e-01	2.4444765364338612e-02	4.6646889332588190e-02	2.1278977107431233e-03	1.5437702891328718e-03	4.7251179331361568e-05	1.1409730124102094e-05
2.8750000000000000e+00	1.6536891141638912e-01	8.1525258967423975e-01	7.2165229227449284e-04	1.8207729919637546e-02	2.4754995039886601e-04	1.8847972912951414e-04	1.0079003870795873e-05	3.0080140598907616e-06
3.1250000000000000e+00	1.9434077991449053e-01	7.3264563765367074e-01	2.6183372800649647e-02	4.3364255100478255e-02	1.9089409468116064e-03	1.4565721134351178e-03	7.7127186891507690e-05	2.3314283571635450e-05
3.3750000000000000e+00	2.3596857610715075e-01	7.4513645940441231e-01	1.0445448797299221e-03	1.7315425148192880e-02	3.3587814877162849e-04	1.9832297263456340e-04	4.0080806372784431e-07	3.9253104602273782e-07
3.6250000000000000e+00	2.6705846789428928e-01	6.6163414077398397e-01	2.7704766302490080e-02	4.0351400836068911e-02	1.7108695046804858e-03	1.4481434836475893e-03	6.9804884761478529e-05	2.2406320080964384e-05
3.8750000000000000e+00	3.1426599511824710e-01	6.6625121341574756e-01	1.5135479667987256e-03	1.7313350842989211e-02	4.3221473408348681e-04	2.1281881556180725e-04	5.7287783748049886e-06	5.1303281994206943e-06
4.1250000000000000e+00	3.4640974119008766e-01	5.8369026956227432e-01	2.8945673730152374e-02	3.7842069137743538e-02	1.5424351363964193e-03	1.5222921039932237e-03	3.6950218616893499e-05	1.0568920737892909e-05
4.3750000000000000e+00	3.9850743441255682e-01	5.8116462627434584e-01	2.0278437522402155e-03	1.7528007598484739e-02	5.1627854605879443e-04	2.2439776618277810e-04	1.9107886323214297e-05	1.2303763808506346e-05
4.6250000000000000e+00	4.3033400040714359e-01	5.0271656727154990e-01	2.9413327070040077e-02	3.4669163461856604e-02	1.3261856017632598e-03	1.5234752891099177e-03	1.6102664919415506e-05	1.1782336213162174e-06
4.8750000000000000e+00	4.8532198127983800e-01	4.9415492291167118e-01	2.3032823219372922e-03	1.7388932951482909e-02	5.6692678843496926e-04	2.2824338752815121e-04	2.2690509272239957e-05	1.3019849838980189e-05
5.1250000000000000e+00	5.1490565116609499e-01	4.2262826877808507e-01	2.8875192879529023e-02	3.1070444435207470e-02	1.0719156684495976e-03	1.4164184717536856e-03	2.7671159394652648e-05	4.4374414891634953e-06
5.3750000000000000e+00	5.7020664070176663e-01	4.0936848015439919e-01	2.3713001755375413e-03	1.7201656128306344e-02	5.9427755429933250e-04	2.3619504691559204e-04	1.4170363612188564e-05	7.2798751639989180e-06
5.6250000000000000e+00	5.9605125158773353e-01	3.4562022991260710e-01	2.8179267088603327e-02	2.7927746568704198e-02	8.5664090478858377e-04	1.3030083083387114e-03	4.8404988601761068e-05	1.3450640624442830e-05
5.8750000000000000e+00	6.5019693692059777e-01	3.2938555911679712e-01	2.4141612806528995e-03	1.7130742327191129e-02	6.1582470471017612e-04	2.5112733420448540e-04	4.0991235140299280e-06	1.5491923341857065e-06
6.1250000000000000e+00	6.7149147976943546e-01	2.7308689650479145e-01	2.7930289940311281e-02	2.5463625405943196e-02	7.1048839883309720e-04	1.2442850716388872e-03	5.4645257184552134e-05	1.8289651864191800e-05
6.3750000000000000e+00	7.2376182885347717e-01	2.5520891844938703e-01	2.7073093137759316e-03	1.7392773323000918e-02	6.4547766938720180e-04	2.8347683407322467e-04	1.9156421719900559e-08	1.9640047896218533e-07
6.6250000000000000e+00	7.3951497521951703e-01	2.0505049086976423e-01	2.9362373404643240e-02	2.4036534705933900e-02	6.6038366296967878e-04	1.3153296379988797e-03	4.3804020210309442e-05	1.6108478967148653e-05
6.8750000000000000e+00	7.9047991996236266e-01	1.8642554056098237e-01	3.7515983352338200e-03	1.8269796942617322e-02	6.9770999355087419e-04	3.6399858613150589e-04	6.3545015521083707e-06	5.0811175738649312e-06
7.1250000000000000e+00	8.0028835857009528e-01	1.4197719519280549e-01	3.2348807487297092e-02	2.3186038499914841e-02	6.7949455628813946e-04	1.4922862859171881e-03	2.0754141660459904e-05	7.0652660253090423e-06
7.3750000000000000e+00	8.5074382651348546e-01	1.2367149419207218e-01	5.1326572702517061e-03	1.9230055385094390e-02	7.2811616227904719e-04	4.5619196081543264e-04	2.3450188378207213e-05	1.4208327628265365e-05
7.6250000000000000e+00	8.5470366543905607e-01	8.7571202327259137e-02	3.3633857441743326e-02	2.1858532211154792e-02	6.7147907308553057e-04	1.5484318732366248e-03	1.1181869619240399e-05	1.6497648522012635e-06
7.8750000000000000e+00	9.0251884192600518e-01	7.1082372086852405e-02	5.6097682174875273e-03	1.9564428495696937e-02	6.8505735561267948e-04	4.9570061364740184e-04	2.9126264281652706e-05	1.4705040423215794e-05
8.1250000000000000e+00	9.0031194894970501e-01	4.5801259760866193e-02	3.1796195283988540e-02	2.0055448925835016e-02	6.1670931337344818e-04	1.3782375748900098e-03	3.0620733666857770e-05	9.5794576831009209e-06
8.3750000000000000e+00	9.4243441999690880e-01	3.3018180466207213e-02	4.6252338689081133e-03	1.8862597525624275e-02	5.8670161837172722e-04	4.5190209292390458e-04	1.5195962217023906e-05	5.7684688476565616e-06
8.6250000000000000e+00	9.3613637952576711e-01	1.8596887485663280e-02	2.6053187195290341e-02	1.7636270310158055e-02	5.2079157174072675e-04	1.0041322732803175e-03	3.7381530844432268e-05	1.4970107261031980e-05
8.8750000000000000e+00	9.6973697629610756e-01	1.0862659757741153e-02	2.1381052889920455e-03	1.6527402522484740e-02	4.4408889774831686e-04	2.8717043132211491e-04	3.2098794815909893e-06	3.8692612452074771e-07
9.1250000000000000e+00	9.6231586352788268e-01	4.9842809957892156e-03	1.7284435541294298e-02	1.4419315232746250e-02	4.0009341213740262e-04	5.6847605391089327e-04	1.8989496869214976e-05	8.5457393706456683e-06
9.3750000000000000e+00	9.8464094720042350e-01	1.7306479063350715e-03	1.7498260160536420e-04	1.3053750720711280e-02	2.8041744473444516e-04	1.1864414133985868e-04	5.5183850718590910e-07	5.8146343998401404e-08
9.6250000000000000e+00	9.7943267177455884e-01	6.4757700089852343e-04	8.7457970186852474e-03	1.0659128978124214e-02	2.6843880767234591e-04	2.3864068368387243e-04	5.4509329774854213e-06	2.2948034001984324e-06
9.8750000000000000e+00	9.9000589535988504e-01	7.2066469626625776e-06	8.9079178579532740e-04	8.9386248003788873e-03	1.2297057481671023e-04	3.4180062822122627e-05	3.1907260984180104e-07	1.1696729812164176e-08
