1.2500000000000000e-01	9.8687535131555826e-01	7.1631701075125490e-05	1.2966508899422061e-02	9.4506958912374820e-07	8.5187024884179240e-05	6.1734789310154197e-09	3.6978933522278550e-07	2.6656513229816693e-11
3.7500000000000000e-01	9.9574189871933438e-01	3.4768115515458316e-04	3.9014453037165583e-03	1.3271028483475013e-06	7.6379214384945006e-06	1.3082074259865227e-09	7.6304306184990849e-09	8.5886941961227558e-10
6.2500000000000000e-01	9.5989384411352507e-01	1.2055533968890059e-03	3.8086834128045206e-02	4.7893255807013860e-05	7.5580774674562730e-04	9.0283323495784330e-07	9.1564707337796692e-06	8.0550194457081903e-09
8.7500000000000000e-01	9.6831771186324100e-01	3.3638286651419365e-03	2.7826552068728645e-02	9.3076364631521430e-05	3.9432133243309071e-04	4.1386139770376268e-07	3.7974658348776981e-06	2.9837859140248271e-07
1.1250000000000000e+00	8.9881670502535582e-01	7.0999625080060049e-03	8.8868093729222122e-02	7.0466310954541767e-04	4.4088400632942785e-03	2.5179442000859118e-05	7.4855743933946483e-05	1.7003786417012808e-06
1.3750000000000000e+00	9.1411963816321962e-01	1.4707535112812826e-02	6.7705527568177201e-02	9.8191186735271268e-04	2.3558434564956480e-03	6.8467832320692564e-06	1.1718625989679449e-04	5.5107888131190816e-06
1.6250000000000000e+00	8.3563403021668947e-01	2.3692265192874762e-02	1.2722732938061718e-01	3.6371671607600881e-03	9.6855909407415862e-03	9.4880068252788864e-05	6.8619485199234809e-06	2.1875091544680338e-05
1.8750000000000000e+00	8.6333076098933359e-01	3.9814457727384005e-02	8.8574005582485710e-02	3.4011565070251452e-03	4.6676240778920630e-03	2.4056368344994315e-05	1.5805805378482282e-04	2.9880693750652017e-05
2.1250000000000000e+00	7.8537342946540500e-01	5.4547841083638068e-02	1.3887984315615612e-01	9.6054295561146651e-03	1.1062185665443303e-02	2.2197637816779843e-04	2.7368939139910863e-04	3.5605303677355149e-05
2.3750000000000000e+00	8.1319252460146996e-01	8.0123688714166183e-02	9.2334969190760424e-02	7.1964256233919442e-03	7.0120704545003050e-03	3.2500866425184945e-05	3.6612930011450061e-05	7.1207619278698157e-05
2.6250000000000000e+00	7.3412976117999484e-01	9.9719938302448158e-02	1.3750315589258186e-01	1.8132754921245685e-02	1.0074582236979211e-02	2.7773760547093800e-04	6.3283482456795255e-05	9.8786378837633951e-05
2.8750000000000000e+00	7.5617377190342805e-01	1.3449363148514651e-01	8.7859231823013334e-02	1.2158223298707554e-02	8.8917685565335670e-03	1.3136686581261499e-04	2.0470599622053549e-04	8.7300071155732125e-05
3.1250000000000000e+00	6.7598318388125245e-01	1.5742678809780447e-01	1.3009673839676994e-01	2.8286014391638789e-02	7.6907170043413065e-03	3.0147044424951703e-04	1.1086750947764725e-04	1.0422027449195642e-04
3.3750000000000000e+00	6.8931983988988166e-01	2.0052099720407426e-01	8.0619299800361505e-02	1.8287788579041668e-02	1.0856688665367908e-02	2.4818774039625264e-04	4.1502948081297075e-06	1.4304782609940480e-04
3.6250000000000000e+00	6.0825213123362409e-01	2.2467303372894176e-01	1.2086663359465462e-01	3.9868447767272268e-02	5.8855961119728788e-03	2.3038262077982065e-04	8.2978308212696539e-05	1.4079663456875044e-04
3.8750000000000000e+00	6.1263536360466919e-01	2.7548680367187028e-01	7.3238307669946476e-02	2.5903439170208823e-02	1.2019158822010864e-02	4.8391319091031304e-04	1.0133215982050133e-04	1.3168171059341568e-04
4.1250000000000000e+00	5.3268741846085210e-01	2.9891698906493613e-01	1.1029126644476897e-01	5.2570809386712693e-02	5.2111237487242707e-03	1.3772991329419484e-04	2.3148477112460741e-05	1.6151450362257713e-04
4.3750000000000000e+00	5.2986338208553196e-01	3.5715475832746912e-01	6.5096233193557007e-02	3.4665353252205114e-02	1.2305362405990710e-02	6.9581270244579822e-04	5.1902316364718838e-05	1.6719571647120458e-04
4.6250000000000000e+00	4.5403603129960918e-01	3.7841801824914856e-01	9.6641313323929931e-02	6.5154266528234722e-02	5.5390883374329463e-03	3.2992068466247976e-05	3.5752257175308616e-05	1.4253793603603637e-04
4.8750000000000000e+00	4.4547904367138363e-01	4.4303895951862393e-01	5.5859311148615247e-02	4.3341867158058919e-02	1.1170520306812842e-02	9.0539726197172942e-04	4.7631142711882593e-05	1.5726979185990168e-04
5.1250000000000000e+00	3.7550043527274546e-01	4.6020192118215242e-01	8.0824913783781024e-02	7.6613093166452859e-02	6.6222059316890592e-03	2.4737868802019515e-06	7.9782447488640845e-05	1.5517442883647322e-04
5.3750000000000000e+00	3.6207077780757302e-01	5.2904950386333316e-01	4.6879419205227833e-02	5.1538454325805484e-02	9.3129679389401671e-03	9.8767303125121700e-04	4.8634039756687236e-05	1.1256978813529621e-04
5.6250000000000000e+00	2.9897478789279769e-01	5.4032014939614670e-01	6.4941505697170457e-02	8.7383090490571469e-02	8.1712214907905621e-03	8.1504449817744858e-05	1.8146168644099250e-05	1.0959441407619778e-04
5.8750000000000000e+00	2.8215486629020292e-01	6.1134924075683950e-01	3.8881132809994473e-02	5.9046208361388866e-02	7.3216583571250838e-03	9.7750546417708049e-04	1.2488074715726098e-04	1.4450721312406954e-04
6.1250000000000000e+00	2.2679970736031294e-01	6.1537853538692011e-01	5.0060905582976177e-02	9.7730983997202495e-02	9.5261592894494082e-03	2.9458180162209659e-04	1.1898200337250012e-04	9.0144578148987231e-05
6.3750000000000000e+00	2.0795092633387141e-01	6.8622413569053586e-01	3.2232310759477474e-02	6.6598326931042381e-02	6.0508550910597656e-03	8.9224858942540540e-04	5.0327519641119779e-06	4.6163852628632816e-05
6.6250000000000000e+00	1.6065827511946418e-01	6.8126726305501917e-01	3.7070451782682590e-02	1.0939118270866698e-01	1.0740745934721005e-02	6.3285627589963918e-04	1.5469875115189217e-04	8.4526372406735776e-05
6.8750000000000000e+00	1.4133937811888941e-01	7.5028788711494543e-01	2.6974213066550293e-02	7.5112150344921289e-02	5.2844149129739745e-03	6.8362450338643158e-04	2.2246792591663520e-04	9.5864012427027874e-05
7.1250000000000000e+00	1.0295631066162433e-01	7.3633978326150995e-01	2.5589027787994347e-02	1.2216912450344702e-01	1.1682257375809845e-02	1.1718441158308551e-03	6.6283736442348214e-05	2.5368557350562443e-05
7.3750000000000000e+00	8.5261283388096937e-02	8.0427921552699533e-01	2.1885592398518873e-02	8.2475907371335255e-02	5.5515033852438327e-03	4.4671576682004982e-04	8.4010571625757718e-05	1.5771591381968476e-05
7.6250000000000000e+00	5.6859230714318747e-02	7.8340867679289472e-01	1.5514529089538657e-02	1.3167796435108742e-01	1.0534264749558568e-02	1.6359655847927716e-03	3.2669504634314775e-04	4.2673671478665290e-05
7.8750000000000000e+00	4.2737706462226327e-02	8.5138694455635389e-01	1.6334024780147678e-02	8.3397841760858585e-02	5.8106551355268377e-03	1.5426968762029391e-04	1.5972303961239986e-04	1.8834577663736482e-05
8.1250000000000000e+00	2.4723908697499616e-02	8.2937295647389475e-01	7.4816297697418814e-03	1.2876119388384133e-01	7.8130980436849195e-03	1.8247514937004326e-03	1.8495327145715606e-05	3.9663104962547812e-06
8.3750000000000000e+00	1.5792883455242646e-02	9.0212033514897394e-01	1.0357786665135657e-02	6.7271553147865745e-02	4.2657900238808593e-03	2.7256749997732499e-05	1.6125392845808007e-04	3.1408804464004245e-06
8.6250000000000000e+00	7.3073219812951149e-03	8.9304844682558093e-01	2.3518949071296489e-03	9.3294374929450682e-02	2.8225211685537024e-03	1.0847938783829010e-03	8.8105061094543769e-05	2.5412485114402566e-06
8.8750000000000000e+00	3.5834543140067046e-03	9.6153605285171762e-01	5.2533414179321142e-03	2.8507665529095391e-02	1.1117815085949019e-03	2.2175047226913321e-06	4.7841543003247292e-06	7.0271962827066325e-07
9.1250000000000000e+00	1.1831431822498096e-03	9.5772927854546352e-01	8.4864382672254909e-04	3.9603345268405303e-02	3.3502264125586127e-04	2.9187457267704198e-04	8.2006784023555687e-06	4.9128482185925961e-07
9.3750000000000000e+00	3.7518014303541502e-04	9.9279761169506853e-01	2.8265403062220779e-03	3.9243768809013426e-03	7.0882998932096807e-05	5.3650959761543602e-06	3.2791182495004516e-09	3.9600744452317880e-08
9.6250000000000000e+00	5.2405040978541175e-05	9.8577957794087157e-01	1.0740518240784139e-03	1.3002833041396664e-02	3.7617591516048879e-05	5.3171235585007682e-05	2.3304203199890941e-07	1.1028354064794088e-07
9.8750000000000000e+00	3.1583730215154352e-07	9.9798421852394670e-01	2.0092536865251235e-03	4.7499136614521804e-06	9.4663440397436681e-07	5.0717205548031771e-07	5.7858295098441904e-09	2.4462742100665620e-09
